3458 1504
a 1344 644 344032
b 1283 890 853471
b 1623 357 662952
a 366 2045 801065
a 2478 271 496818
a 3165 1666 729843
b 1968 2537 737346
b 2458 1091 11859
b 2344 316 765053
a 2061 3114 401211
b 1394 1756 285736
b 3319 2780 375553
b 1467 2986 452455
b 355 230 658906
b 2997 762 150206
b 1924 2258 918937
a 3378 1331 441490
a 1862 3241 889203
a 200 2311 233064
a 2023 2100 218302
a 51 1206 603492
a 909 161 594796
b 1617 3102 938762
a 2223 2604 930259
b 3240 3361 65471
b 895 228 215400
a 2633 2464 804360
b 544 2095 988926
b 1212 3422 973449
a 2597 1709 529867
b 1025 3366 464390
a 2177 1299 245218
b 2039 1648 381797
a 356 408 818232
b 1002 2799 366697
a 1721 996 321187
b 499 1121 264374
b 1708 394 340309
b 405 2646 152275
b 1311 2947 108581
a 619 2482 165090
b 1524 329 862021
b 1455 599 934441
b 3086 394 884939
b 201 1486 678284
b 1408 217 697068
a 2733 1894 38671
b 3355 2984 217915
a 1300 1781 278744
a 2153 2682 931886
b 2426 2008 36586
a 1173 2102 746200
a 3103 1219 409642
a 971 1940 279983
a 2209 3176 452380
b 638 668 857222
a 249 48 285733
b 1883 1862 802003
b 2078 2191 909770
a 2467 706 269225
a 812 3059 747631
a 1154 2945 848958
b 2666 3052 819993
b 3114 618 197477
a 2828 1403 327403
a 3135 1004 106580
b 1677 698 518187
b 3222 1679 54686
b 222 522 763773
b 3213 1533 106361
b 2896 2437 461926
b 894 2248 370681
a 2077 1650 209161
a 879 1573 510289
a 1899 27 818220
a 992 561 721880
b 3442 539 964723
a 8 628 313600
b 2153 489 184995
a 2335 1364 807136
a 1688 2214 705887
b 2201 2918 458155
a 2396 3348 615917
b 2597 1973 258933
a 3163 632 426801
a 371 3314 701492
b 1649 246 631152
a 2638 1263 499899
a 2619 1249 840590
b 3342 1499 664640
b 692 1857 603791
a 783 3025 88407
b 373 491 296600
a 2195 1759 125747
b 1202 1502 365037
b 3327 325 884523
b 1624 579 790772
b 2378 2266 247986
b 2126 1379 476272
b 993 1833 111260
a 1507 990 752838
a 2468 1347 823967
a 3237 2524 788411
b 58 438 533071
b 208 1474 213298
b 385 1634 804703
b 2668 1524 325553
a 1581 1261 116518
b 1528 469 258845
b 624 3276 716823
a 986 152 493368
a 1955 440 319814
a 3406 2443 179817
b 2581 1265 600553
b 3030 668 269747
a 2315 1859 569428
b 1045 3343 4411
a 635 2433 302459
b 402 2830 817734
b 990 1511 917554
b 2765 168 105144
a 2612 327 41903
b 1158 2089 398869
b 507 2866 858694
b 1045 1250 345730
b 155 677 979435
b 775 2625 207044
a 2985 1438 453170
a 2281 2879 280510
b 2517 3334 182801
a 2845 2546 74487
b 1850 1288 506524
b 654 1166 127761
b 807 1269 465863
a 3038 2035 315346
b 3245 3051 322599
b 271 2578 758301
a 3360 1868 716336
b 17 2077 141369
a 262 605 286134
b 1811 857 699720
b 3359 37 342895
b 908 1688 159632
b 96 2704 336239
b 2041 2911 813300
a 2111 2636 704810
a 2534 1558 873211
b 817 989 720309
b 1819 3274 49607
b 361 632 535620
a 772 2472 594270
a 2944 236 910699
b 1428 725 974692
a 336 2839 564896
b 2599 1669 367005
a 2188 2949 653495
a 2604 43 199022
b 304 1391 127332
b 2104 1771 620572
a 574 503 318524
b 3130 558 347723
a 2844 124 360371
a 1458 1462 436863
b 959 1319 131870
b 959 534 13918
a 622 2150 987889
b 104 2908 562859
b 1536 2291 561281
a 902 1310 936394
b 251 1089 652802
a 2089 1348 773250
a 2608 1959 372296
a 417 1960 802229
a 2923 2034 495690
a 1396 1937 164777
b 3234 3118 897945
b 1419 2968 969154
a 2927 1427 173612
a 1296 559 681668
b 1165 2125 16599
b 1583 2225 606805
b 311 3022 555598
a 2410 1342 824952
b 682 183 336102
a 1888 546 308370
a 1335 468 519251
a 3405 1612 950823
b 612 743 436330
b 2851 589 666013
a 2490 1634 27295
b 2704 414 74807
b 2401 1646 425991
a 1319 638 303705
b 2174 366 23895
a 2031 187 131978
a 2412 1228 11361
a 1996 72 937068
b 3185 2588 298461
b 1429 1533 979205
b 1273 2031 546717
a 732 1363 104569
b 296 1276 536662
b 1400 2435 612109
b 1853 1053 78173
a 2163 2462 300836
a 2664 1215 251238
b 1997 2835 975492
a 2576 2642 252998
b 3279 692 215122
a 281 874 786353
b 994 2647 113808
a 355 248 23164
b 681 2589 761765
b 366 3193 907035
b 2806 2672 298452
a 2107 1959 756515
b 2854 787 871042
a 503 1682 328777
a 2736 1302 343987
b 3241 532 640416
a 1397 2378 197709
a 2437 1928 326109
b 1863 3294 563539
b 1738 1181 17237
b 193 1651 89130
b 723 621 149756
a 3232 1098 567959
a 471 2422 523367
b 3193 614 850941
a 932 1907 669514
a 2062 3438 31586
b 1104 148 120059
a 3225 1077 325290
a 3264 3098 429740
b 882 3383 803546
b 45 1838 454195
a 1710 1834 245526
b 440 2872 978820
a 963 792 350114
a 1346 2922 206260
b 1543 529 202915
b 2420 667 316536
a 1432 1905 965982
b 1305 1968 207139
a 1771 450 478070
b 1812 2787 869162
b 3342 450 435762
b 3239 1564 891618
b 2442 842 980468
a 1761 3338 611008
a 1338 842 884033
a 153 1239 523671
b 2908 1059 103487
a 2003 2606 511772
b 2415 1189 149105
a 2280 618 219236
b 3314 3443 888509
a 1564 133 543460
a 326 614 244645
a 2542 61 116079
b 1890 1083 200464
b 1925 3289 202042
a 411 1417 402753
b 1868 38 376411
b 3136 2617 245534
b 1663 3327 336900
a 2377 2114 117033
b 528 2682 339147
a 106 2097 679113
a 1511 155 71653
b 885 2484 89025
b 2123 2508 91813
b 2802 1328 214711
b 434 2421 40448
b 2992 2058 908269
a 3359 2614 622924
a 2693 743 828618
b 3006 2342 922299
a 3338 2410 131410
a 861 1400 31139
a 2989 2832 595944
a 1436 1721 738681
b 2036 2336 986962
b 2156 1728 236688
b 2898 2039 110003
b 2272 1010 553374
b 860 2289 60882
a 1987 3269 233590
a 299 3277 545873
b 2861 703 360717
b 2307 775 947638
a 315 2914 433209
a 790 2537 52581
a 1932 743 327852
b 1452 2096 665762
b 2917 2011 951869
b 2866 2743 898003
a 964 1086 719838
b 538 411 885242
b 2040 676 402725
a 1409 2095 22782
a 1149 3286 863751
b 1614 703 961955
b 1739 332 122839
b 1408 474 740172
b 1378 636 223371
a 636 1438 670847
a 1 2113 38262
a 1595 2146 764128
b 1652 3433 246094
a 336 180 398451
b 3267 1897 173350
a 847 2193 451294
a 1374 2465 860020
b 2157 2262 852516
a 2458 380 916107
a 147 1586 189994
b 2527 2948 417441
b 3131 876 433268
b 1770 1004 819785
b 3234 250 862056
b 1748 931 740025
b 2080 3114 493577
b 454 2872 666820
b 1417 1845 355708
a 2474 2082 464032
b 1867 1589 674629
b 832 2337 512288
a 99 2047 154250
b 680 1712 948026
a 920 314 99982
a 2241 2002 135682
b 565 1557 78646
b 3113 2021 297387
a 896 2225 874054
a 1833 2918 396748
b 3394 3259 642532
a 230 2167 869976
a 1283 3420 39251
b 2257 2187 412771
b 1803 409 435448
b 252 1081 704931
b 3433 2656 720919
a 921 813 473451
b 2045 2922 574166
a 1652 2531 813041
b 1199 739 51064
a 3255 1939 195848
b 1887 2653 313058
b 1155 2368 329958
b 1431 1306 569881
b 2752 145 426399
a 2317 2880 811200
a 2653 2285 558183
b 3295 3163 209053
b 1269 2285 469074
b 2778 1359 287444
b 2865 2222 10774
b 570 714 818666
b 377 1768 488710
a 3150 1755 598979
a 1269 2785 16408
a 2805 2856 215587
a 571 393 917792
b 1372 2002 352047
a 2416 652 958354
b 1149 756 928748
a 1154 1010 212738
b 2076 921 125885
a 2050 3352 840550
b 3045 598 544104
a 2447 3003 69138
b 1987 210 264082
b 2118 348 794554
a 2817 1274 698813
b 2500 2640 208306
b 2303 1529 217680
b 2091 2394 888944
a 48 257 712526
b 1915 1698 673032
a 3126 1863 760284
a 752 2930 544494
b 1400 1581 616511
a 2803 752 674742
b 599 3259 64795
a 1949 2719 583958
b 2266 2821 486964
b 2418 38 781026
a 1943 1845 816047
a 3092 2211 28686
a 1915 2623 833553
b 2027 2574 634094
b 3337 1961 139390
b 3414 2318 276088
b 2701 2463 310266
a 3108 1059 697728
b 934 3346 983594
a 2456 1487 562170
a 1113 1828 750419
b 792 792 917755
b 2777 778 891417
b 624 231 341943
a 2319 1515 323008
b 2163 3003 680706
b 41 3 95853
a 3416 3106 899346
a 233 196 700389
a 1340 1738 841851
a 3396 2704 926220
b 791 2004 839409
a 2780 2613 269478
a 1768 2449 376649
b 1482 198 905177
a 478 2266 57719
b 2979 2591 429927
a 3298 1935 678608
a 2486 2297 986551
b 2722 996 59848
b 229 2898 645837
b 1144 391 900596
b 54 849 365708
b 687 3045 750408
a 2767 2002 373242
b 606 809 368472
b 2509 3457 584763
a 1982 516 444187
a 1280 2994 544339
a 1018 531 542498
b 2833 284 978472
b 2261 2398 432612
b 1709 1567 804156
b 930 1958 443509
b 523 1637 981174
b 413 8 381065
b 2669 1875 931226
b 3033 696 543349
a 2549 2303 304139
a 2844 2025 606957
b 1587 2492 431503
b 722 1251 188998
a 354 237 114634
b 3329 29 262132
a 1178 3011 331073
b 276 2068 162956
a 2175 955 722711
b 73 1726 639554
a 973 1800 781778
b 1542 3414 500331
b 97 1019 345366
a 801 2476 609083
b 2096 141 327399
a 2751 2567 908103
b 589 1733 206827
a 1180 3440 688580
b 278 1919 538725
b 1891 1451 756100
b 270 1459 228218
a 1565 3139 238975
a 873 717 407278
b 2695 2013 113415
b 2991 1239 77799
b 1937 1268 607505
a 3222 641 272232
a 1010 1377 28914
b 2041 2455 745366
b 1155 614 757214
a 2297 2641 755189
a 1919 1570 371562
a 1065 3360 981355
a 508 156 650570
b 2355 576 232891
a 1714 1867 286995
b 974 1886 133642
b 56 1799 149881
b 3193 178 605
b 2868 1612 453457
a 557 2337 703255
b 2007 1066 797904
a 430 2680 507518
b 2025 761 213641
a 368 190 443574
a 830 2132 711601
a 847 2413 202244
a 3416 1612 717085
a 3368 258 234380
b 2031 868 684097
b 1467 2808 122514
b 938 668 11954
a 155 1009 272251
b 466 3068 550693
b 3211 3282 989580
b 1566 347 192301
b 2454 1853 917416
a 1125 1283 148607
b 492 902 857877
a 1845 1849 628464
b 399 2984 648311
a 1577 1895 812853
b 2559 3069 893715
b 413 2206 106977
a 1013 2551 646797
a 390 2692 37161
a 875 2074 19497
b 2416 2302 229346
a 1921 953 368332
b 1488 871 432257
b 2809 1378 459835
a 2517 1541 207321
b 2716 804 485146
b 3336 3044 816479
a 283 1343 931949
a 1220 1616 27176
b 432 200 338969
b 1783 138 550377
a 2590 2666 679843
a 145 1899 572533
b 1581 976 930094
a 2444 1046 633665
a 516 2297 41857
b 2169 962 254690
a 3250 1637 237118
a 1198 1988 212621
a 1638 2804 418731
b 1374 2348 767573
a 1308 3020 965035
b 486 768 864432
a 2410 582 621381
b 1081 2331 791281
b 1659 404 618715
a 3039 2274 428493
b 2255 1452 533683
a 2311 2817 794841
b 3161 2070 503537
a 3000 181 433034
a 1477 498 494809
a 767 1690 72435
a 957 2638 13584
b 2810 972 534602
b 3364 1022 515483
b 1079 3282 790178
a 1522 2803 925214
a 1625 3001 749680
a 739 3421 32733
a 2999 2339 425546
a 783 263 499262
a 3164 1248 41570
a 1932 1237 969219
a 646 2326 300495
b 534 2092 627027
b 1803 1761 862915
a 1633 1333 487282
b 2269 287 562196
b 1866 3140 290435
b 303 365 514871
a 1433 1703 423244
b 1263 3186 723967
a 599 670 938097
b 3180 1519 589986
b 2379 2815 534262
b 3393 3225 205043
b 1690 971 769921
a 1081 3435 697832
a 57 2270 990036
a 3391 221 284564
b 3297 1463 314902
a 2212 395 939629
b 3364 2370 354763
b 1197 3069 480518
b 867 69 127446
b 3223 826 468821
a 2606 2330 987325
a 2972 639 228845
b 2793 1583 587172
a 1661 2417 619204
a 3400 2904 853904
b 1115 3206 801517
b 3416 3055 177764
a 3186 2930 446814
a 1269 1590 957990
b 3179 3018 86442
a 1061 422 275130
a 1570 1529 486535
b 830 3456 381221
b 2376 13 974152
b 2339 2488 988106
a 1670 452 655331
b 2949 3018 93487
a 269 1830 218220
a 1497 2542 642808
a 2479 2196 904470
a 2949 2107 441450
a 2404 925 892600
b 3202 694 969256
b 2841 2222 385988
b 3039 1744 607672
b 1526 1885 627281
b 2049 870 497854
a 2844 786 640018
a 3188 794 476671
a 2027 2067 80731
b 2293 2544 167198
b 2959 2354 606626
a 1480 478 612257
a 1994 3356 183354
a 429 1404 185260
a 2870 2529 769049
a 177 1698 218436
b 2176 2935 335059
a 49 291 355277
b 1095 1293 468763
a 1000 1348 204683
b 2668 3057 729608
b 1800 118 418787
a 571 1692 863949
b 3115 1529 798425
b 2147 2426 720958
a 2948 442 760147
b 1768 1068 681553
a 2316 3065 244372
a 990 994 620954
a 2512 487 299009
b 2263 1309 156685
b 513 1432 991
a 2348 1433 625086
a 1452 1784 550994
b 1970 2003 765987
a 2156 283 144414
a 2996 2701 710992
a 1883 1240 767592
a 2049 951 984440
a 2198 1492 47861
b 2779 1512 591730
a 156 472 999784
a 1349 1647 586545
a 1393 2425 913480
b 2505 2526 105738
a 1224 463 72631
b 644 1367 215793
a 1339 2868 181754
a 2615 2850 89274
b 2395 2178 483191
b 338 2609 220955
b 1743 61 364657
b 751 748 837032
a 3185 2652 640078
b 2310 38 718101
b 455 36 24080
b 1216 3006 413046
a 2319 500 643934
a 557 1785 773057
a 86 1283 188603
a 128 81 582090
a 2224 3245 862477
b 2464 716 663813
a 1800 89 419478
b 1740 3015 866375
a 3186 3245 64189
a 1282 320 324036
b 868 2845 745605
b 2126 1356 8400
a 3405 2883 11860
b 3065 653 24353
b 16 2894 51501
a 3456 2331 853835
a 1216 2823 433140
a 3202 221 505026
a 949 437 941040
a 2939 3399 51099
b 1246 721 239171
b 3335 2617 593034
a 608 2689 608371
a 1613 1275 392996
a 1464 2666 415524
a 1773 2341 643485
b 1474 196 245274
b 2528 164 989641
a 3454 1145 399994
a 631 2384 51935
a 3198 3367 981897
b 867 372 494000
b 417 756 971755
a 1346 3128 442675
b 2907 2796 119653
a 1459 1745 832060
b 11 753 891546
a 972 2513 321151
b 256 2023 205008
b 3057 2357 88081
a 361 381 73899
a 1398 1240 84390
b 3054 1067 969519
b 1700 102 448659
a 3271 2374 507458
b 437 3364 80268
b 750 372 621991
b 394 2607 995110
b 1050 1882 503234
a 2576 2681 269269
b 724 1807 664666
b 628 842 990062
a 49 994 830033
a 1278 2215 655333
a 976 497 756589
b 3260 1623 974543
b 2255 2293 733778
b 1564 1835 26656
b 3091 376 785989
a 679 975 349421
b 3117 1673 235049
b 1016 1913 264618
a 707 2036 322372
b 2147 2117 885548
b 750 1738 466362
b 672 3012 561960
a 884 839 247696
b 2657 349 730864
b 1423 3234 292777
a 706 1814 476028
a 1284 1774 318667
a 1013 3315 646046
a 2365 1834 450778
a 1020 1711 518539
a 2896 1345 986139
a 2880 2344 185496
a 181 1317 645617
b 1659 1802 809337
a 2404 2798 782946
a 3440 3428 653379
a 3196 551 245139
a 84 3162 861802
b 2924 1727 805126
b 3076 1611 886595
b 2775 692 498466
a 128 2503 66435
a 1161 1752 887850
b 19 2082 314173
b 844 1459 162627
b 1109 1587 938278
b 1450 1745 922033
a 1352 3222 405075
a 1312 2273 593370
a 652 915 191544
b 1336 2831 39809
b 182 2381 85674
b 2649 2494 395019
a 343 375 265246
b 866 872 729085
b 2952 1083 502119
b 3302 2980 741371
b 327 2123 537530
b 3431 960 821705
a 3095 2235 518316
a 597 1358 597836
b 3262 1956 729393
b 874 1838 121481
b 252 2739 410847
b 1457 2288 657571
b 2341 457 916136
a 2916 3032 550432
b 2506 836 169890
a 17 2246 110885
a 247 2352 622401
b 1190 1124 262324
a 955 889 106395
a 2018 1303 856756
a 1479 2895 127394
a 456 102 558888
a 1139 1075 938796
a 1413 1645 864629
a 559 183 130286
b 483 40 514272
a 389 2329 999611
a 1931 211 963341
b 3171 1038 875400
b 981 2936 344064
b 3371 2758 362666
a 623 3216 155998
b 2706 2828 473686
b 15 2565 376748
b 3354 1923 417247
b 1854 1222 706574
a 333 2845 590970
a 1315 2167 749448
b 863 1711 179453
a 2433 689 551103
b 2230 555 909530
a 960 2600 53816
a 936 387 352295
b 1073 2571 402775
b 2297 1703 28761
b 1199 1862 696352
a 1336 835 526467
b 2621 2769 911737
a 2785 786 321179
a 2363 1462 135588
b 1495 2616 197428
b 1522 2794 899208
b 1699 1309 239939
a 1802 3113 493481
a 2252 1254 671582
b 1647 1580 246186
b 2290 1299 284407
a 3212 1041 525137
a 3034 2025 985188
b 1328 1261 198466
a 3358 18 827802
a 752 2085 562049
b 534 1504 9452
a 2548 2724 117619
a 2742 736 562704
a 523 2315 760861
b 823 752 185753
b 2681 3247 239907
a 2370 634 591933
b 1078 1011 950346
b 2532 1305 496911
a 3104 3274 843701
b 331 694 789573
b 994 856 491370
a 2788 2987 41586
b 2439 206 291085
b 1705 1964 941132
b 2385 3413 602082
b 1791 2553 894566
b 2359 2664 427535
a 2029 855 506294
a 1363 868 479191
a 3417 883 885199
b 1655 430 128223
b 664 3271 994727
a 1555 869 902187
b 2647 2045 671953
a 2690 2282 116320
b 2299 610 518275
a 2556 2411 265667
b 1527 2622 402192
a 2289 2141 189944
b 1003 2678 991854
a 1779 2234 331780
b 667 1357 280752
b 2191 874 129482
b 983 231 818060
b 1962 1630 108176
a 896 2510 728469
a 689 153 277754
b 3222 1169 915329
b 58 178 564493
a 456 1103 645732
a 32 158 349613
a 51 1759 670897
b 420 2855 74206
b 2410 2087 487999
a 2695 1988 811525
b 1283 1163 924865
a 2675 2873 21862
a 927 120 758795
a 1771 1993 953575
a 1300 1551 571923
a 1717 980 582091
a 54 160 47340
a 167 1821 264695
b 1142 671 788364
a 30 3194 809775
b 634 80 269511
b 1409 223 462489
a 3328 3140 624976
a 91 184 556856
b 2160 2409 559614
a 8 3123 262065
b 2060 1335 746884
a 249 1841 88585
b 2209 515 491190
b 2156 369 111907
a 486 2512 823562
b 2287 2107 692294
a 1768 3238 857812
a 406 453 177428
a 767 2142 735815
a 850 902 930258
a 2940 489 161146
a 324 1511 507878
a 2713 1759 622240
a 3356 2071 308435
a 1350 3198 18766
a 1771 555 361086
b 2829 419 417399
b 2333 2983 790636
b 2547 3142 345010
a 2762 1116 431425
b 2404 2429 531506
b 3024 1450 617665
b 2976 481 575116
b 3268 1176 116817
a 2959 1418 501107
a 896 1248 921846
a 1856 1469 742398
a 2876 2699 448020
a 2351 2290 770656
a 1498 1463 26543
b 1841 1171 20078
b 2443 822 1004
a 415 2043 936412
b 3456 1326 27280
b 2014 2320 115966
a 2222 3263 816767
b 788 704 619850
a 3385 1102 859069
a 2975 2564 922388
a 34 564 866095
a 553 983 201552
b 1307 3433 974938
b 581 229 981523
a 1980 2497 582050
b 859 1634 215121
b 1965 2853 118219
b 2874 480 32030
a 341 2654 88506
a 2555 1092 71856
b 321 2519 287412
a 3125 2733 159515
b 2640 475 479069
b 2960 2992 53011
b 962 2569 545593
a 1839 897 189613
a 2606 1550 811949
a 1604 2064 43357
a 717 2581 105918
a 767 282 118136
b 766 3397 291152
b 438 218 464370
a 2847 424 296167
b 3368 1976 289951
a 1244 688 939817
b 2602 1586 323829
b 1471 1761 364185
b 193 120 939784
a 3013 259 230172
b 2101 89 515468
b 2052 762 522678
a 1517 3448 542806
a 1295 2216 326988
b 2523 152 776794
a 101 943 466531
b 2695 1947 211757
a 808 1254 624927
b 571 1553 78019
a 533 1241 293765
b 2662 2480 964145
b 1339 5 88312
a 1647 3206 520811
a 2397 465 520958
b 1283 2835 288518
a 2514 2739 524667
b 2651 168 131510
b 2245 2099 212531
b 2367 2246 628112
b 1963 2195 884876
b 3398 1454 290248
b 2694 2779 335881
b 942 1411 50483
a 625 1468 411407
a 2930 2166 84293
a 1780 1554 86178
a 47 2627 489363
a 3317 588 845864
a 61 1626 428881
a 2390 990 692132
b 2362 3301 99412
a 1344 1121 139643
a 1826 3444 950928
b 2434 3263 251313
b 1674 639 621530
a 17 3100 568876
b 2676 1837 637287
b 2833 1576 275759
a 23 2827 679626
a 851 2041 513823
b 223 1812 218680
b 3333 1136 8064
a 810 143 634822
b 2773 3188 753272
a 1817 1085 509288
a 2393 2483 618570
a 3114 1366 101235
a 2259 12 446043
b 891 3220 250523
a 2371 1813 440367
b 1182 2281 744757
b 2007 578 544556
b 2385 2196 182325
b 654 2316 558613
b 1940 1936 786353
b 4 2712 932943
a 1501 2014 250843
b 429 2963 9951
a 374 862 254089
b 2188 2518 690280
b 2236 2446 882671
a 183 2375 368561
b 2161 3225 86242
b 2941 3293 758428
b 1402 1960 148439
a 2869 1080 10286
b 1624 495 564513
a 2464 2981 789965
a 2968 1710 504181
a 366 2062 919996
a 71 3015 323880
a 3095 1487 948000
a 2978 795 52078
b 1537 290 370686
b 1830 3273 451036
b 1875 3007 129786
a 2782 2892 310823
b 3150 1739 470680
b 1906 2872 572194
b 2347 1165 155389
b 583 611 646210
a 2365 1099 295534
a 2812 40 896092
a 2586 794 732238
b 1171 2832 143781
b 2091 2602 658724
a 131 783 223920
a 225 2409 246610
b 2086 3329 320178
b 1958 42 744605
a 155 610 969601
a 1057 232 416491
a 2707 2501 72655
b 396 1356 507839
b 17 2422 572530
b 1395 3455 358079
a 2085 69 81759
b 1652 1591 106477
b 679 519 757545
b 2958 497 917104
b 2383 2077 31749
b 1726 2321 765004
b 150 3019 730888
a 489 960 934884
a 2778 634 407719
a 3043 694 611966
a 2432 2187 724597
a 2409 973 691133
a 3428 892 381928
b 2756 2781 826792
a 2074 3011 414611
b 773 2726 82529
b 1337 2067 624939
a 408 3354 822254
b 461 1701 747014
b 1072 1311 574963
a 298 1492 817878
b 918 537 909492
a 2458 3060 403953
b 1425 2759 249110
a 31 1565 991372
b 1911 3144 547742
a 1910 2329 602426
a 1526 436 849392
b 1340 3089 79409
b 3263 1157 673936
b 388 1442 519748
a 550 3095 635876
b 1986 1042 246889
b 1972 2254 211183
b 569 619 384627
b 2137 621 713750
b 1483 832 779800
a 2934 2327 500893
b 1374 1453 605291
a 1145 2670 563305
a 736 574 260322
b 1843 410 317055
a 2604 2335 92560
a 991 2858 470851
a 2478 795 312235
a 1296 3125 393594
b 1180 385 241734
a 1811 2801 140039
b 2076 239 339095
a 854 3006 591600
a 3033 731 79281
a 3145 1068 387737
a 1847 294 467466
b 2324 3257 856646
b 945 2811 700917
a 1942 3260 977757
a 134 1139 281000
b 2598 1481 55713
b 1517 3316 702710
b 3055 2721 536567
a 511 172 641749
a 9 1774 956259
b 2999 2119 463064
a 2501 877 931723
a 184 2136 173685
a 151 1914 909170
a 1838 1812 133247
b 655 3376 770109
a 2455 1277 107884
b 935 2100 275504
a 1252 45 458127
a 3134 1677 905393
b 2466 853 31838
a 875 1025 841603
b 1188 1504 905325
a 2653 227 377739
a 1514 3115 458671
a 3232 319 799694
a 1656 1468 496315
a 1532 824 403119
b 1410 3250 459652
b 3329 328 351220
a 270 752 852190
b 3004 2120 220417
b 1829 1008 733247
b 2077 1660 492699
b 997 2528 853498
b 65 3164 751525
b 709 427 707333
b 391 960 389414
b 115 3188 950708
a 244 1475 222080
a 2345 206 224315
a 3286 1913 732472
b 430 629 609838
b 3436 381 620980
b 3295 1415 566531
b 2397 2795 94071
a 326 2588 705998
b 2501 2312 352038
b 1928 663 605954
a 2905 262 206022
a 387 355 369654
b 1102 3444 955898
b 2372 178 843613
b 31 47 954185
a 1648 1870 516235
b 1561 1240 397205
a 270 1018 862902
b 104 2375 759523
b 1339 1681 67634
b 3358 1805 882841
a 3150 810 604275
b 3095 2832 378170
b 140 849 275277
b 1784 2411 306092
b 826 1166 616054
b 1287 1908 657073
a 3324 771 611778
a 174 1828 740400
b 1967 3307 557093
a 1223 501 887532
b 356 3099 678260
b 2473 2397 790922
b 550 332 17954
a 2539 2462 366479
b 3279 2977 358150
b 2280 1995 592991
a 1606 108 294483
b 1880 2070 313534
a 1267 498 409630
b 1464 16 358097
b 590 1220 248027
b 2785 283 353565
b 1831 367 840990
b 2730 2832 982470
b 830 3107 871389
a 419 395 67792
b 416 376 729964
b 2239 211 944097
b 1070 837 197951
a 2854 925 302267
a 2389 1605 780267
b 2726 192 657349
a 1345 742 752996
b 887 1996 315011
a 218 372 408191
a 765 3220 516760
b 2214 1258 786736
b 1150 2728 3402
a 2017 820 480331
b 3351 399 66045
a 2170 2967 719366
a 3150 967 23029
b 2583 630 312053
b 970 3381 490647
a 377 3323 838668
b 740 905 465320
b 2179 476 483552
a 1501 1071 966604
a 532 1700 718693
a 1645 357 63943
a 64 2508 855600
a 1276 335 165887
a 807 3299 1909
a 2964 1860 944823
b 2819 2969 519497
b 3134 2295 785108
a 1435 3104 763552
a 2965 2530 270362
b 974 3159 389391
b 2279 2010 373934
b 2124 2689 957514
a 212 331 313621
b 759 510 960870
a 2372 1527 221747
a 2587 129 694039
a 1306 311 301005
b 93 2494 238514
b 1635 1114 751430
a 1885 1308 16811
b 1985 1031 538724
b 3107 3269 292695
a 1547 91 96523
b 3413 580 556970
a 1475 2828 867072
a 1204 841 124409
a 1571 2035 609062
b 2272 679 258808
b 1867 474 982403
b 2438 2598 856764
a 312 1174 183163
b 2161 3297 367545
b 1719 1103 790419
b 52 3028 60740
a 2263 751 692718
a 475 2492 871761
b 2490 252 692178
a 2434 3313 191093
b 2207 3143 280483
a 1367 2997 164773
b 2904 818 223718
a 802 1665 80884
a 405 3223 20734
b 2064 1228 458135
b 2631 1431 603761
a 1485 2656 551267
b 2563 1168 105507
a 1001 503 66764
a 2746 1207 684697
b 2351 2125 94887
a 48 1449 900854
a 629 2085 266728
b 309 85 21441
b 2402 1106 961764
a 3180 932 18204
b 1744 1434 70352
a 3394 495 657804
a 3281 631 291007
b 3050 1385 91255
a 1799 2402 546406
a 456 3003 668448
b 1345 121 48282
a 1526 2782 261228
a 2042 2242 515855
a 1722 2830 660064
b 2189 2369 648602
a 3453 1681 108191
b 1488 1589 732016
a 2361 1031 992495
a 2002 1779 165796
b 1165 2224 847093
b 2387 514 766827
a 1600 2830 592051
b 3400 1457 393754
a 2123 3423 451344
b 2108 1578 542310
b 777 503 164239
b 1117 3429 259938
b 1833 701 647893
a 3322 859 384131
a 923 755 51879
a 1820 660 480926
b 1910 982 361321
a 3058 1099 562344
b 2632 90 568095
a 883 1339 603316
b 3155 1070 361966
a 343 1568 408823
a 2489 903 594267
a 2004 1786 87494
b 3059 2763 950154
b 2692 1000 816662
a 971 1418 31103
b 2218 2469 275386
b 2635 3390 194143
b 998 2038 514856
a 850 1373 564527
b 2729 1469 252723
a 1616 1884 509331
a 240 744 224144
b 2089 2539 345359
b 44 2631 831892
b 2801 157 599688
b 2919 1350 970740
b 2346 162 29123
a 1669 1031 46339
a 2191 2770 662052
b 934 701 651191
a 2185 459 588783
a 1670 2337 949731
a 3327 927 602953
a 776 3348 456060
b 1183 2927 804791
b 2004 1205 762776
a 1369 2834 913693
b 2737 1503 377897
b 1599 902 913215
a 1469 1418 697349
a 3130 1044 220099
b 2974 162 842977
b 2394 1098 354924
a 2393 1489 922192
a 404 18 601630
a 2385 685 46536
b 2055 927 667488
b 2781 2584 195676
b 962 3196 552468
a 2975 2821 298690
b 3409 1800 792576
b 512 2853 982541
a 2480 2072 500168
a 3118 751 252723
a 3181 1212 864304
b 2884 391 8391
b 541 237 565790
b 2503 1501 352894
a 1878 1011 964309
a 61 1540 669102
a 2689 2079 499002
b 178 2516 114569
a 2865 1329 234257
b 30 496 380966
a 2357 3256 20735
a 1312 674 845111
b 577 518 749001
a 1337 1092 420883
a 3355 599 71123
b 1743 2213 993580
b 3411 2453 537570
b 1070 1355 92825
b 596 1707 704537
b 176 662 958349
b 1247 111 422910
b 2036 2039 784476
b 1627 2750 171829
b 2004 2375 27452
b 1132 2588 228931
b 197 2440 237056
a 1259 388 939659
b 2290 2005 875358
a 1606 1525 614419
a 2000 2201 932073
a 387 2224 518783
b 425 2750 522071
a 2736 1162 768148
a 275 3353 423931
b 2138 1860 887029
a 157 1582 841355
a 1434 1765 146536
b 3105 1002 51675
b 2939 1892 101841
b 2826 2838 465502
b 1969 2051 865653
a 2538 1314 763051
b 2356 2321 464183
a 1003 250 20533
b 3362 638 700574
a 2181 2506 405392
b 2894 3268 305804
a 2570 517 689586
b 2048 211 249926
b 1337 1718 970222
a 1305 1619 70386
a 2371 2838 877434
b 1936 738 52947
b 2253 1116 348010
b 700 2862 512142
b 2055 1185 52465
b 1765 3093 899496
b 1654 2063 338278
a 1397 1852 352196
a 1992 348 709692
a 1086 487 473192
a 241 2678 603271
b 1879 1347 832569
a 2567 1767 450557
b 2772 3305 83705
a 1709 1211 338546
b 2630 1958 532111
a 232 1801 708186
b 1168 3149 27262
a 2413 2100 694473
b 1109 3291 238443
b 1152 2383 158389
a 643 2733 656091
b 2030 2671 686514
b 2704 1410 145074
b 249 3453 685300
a 1918 1218 103092
b 376 1959 332367
a 2316 194 471942
a 1098 153 708281
b 2645 1992 441773
a 1382 1085 486150
b 1974 1058 43340
a 2242 1544 423210
b 2387 2376 594026
b 964 3417 124409
a 523 3096 962601
a 2086 2350 848681
a 3318 1410 887311
b 1671 1971 79758
b 1774 1982 552703
b 2259 2803 499164
b 3379 920 634688
a 2929 2180 319144
b 1082 1505 349300
a 3200 414 256294
a 2250 1219 587681
b 2807 1312 763114
b 3120 3125 256426
a 2670 988 408490
a 1572 3366 606806
b 1351 1697 171386
b 3145 16 483975
a 1097 1811 886158
a 1007 61 992771
a 534 741 571387
a 1388 2765 208494
b 3091 3351 96245
a 1991 576 478604
a 1890 2276 479057
b 1027 2659 448194
a 487 2951 168515
b 3145 2942 608405
a 126 3196 136031
a 2787 1184 719017
b 2219 3243 829531
b 2205 949 159426
b 2651 2376 241611
b 2006 1356 99718
b 2737 3344 869027
a 2109 3231 227959
b 2258 2794 711544
b 2869 196 538044
b 718 211 627390
a 1580 2175 731673
a 1656 3266 331722
b 3302 930 385265
b 3184 1781 95632
b 2727 354 250314
b 1200 846 975717
b 460 3128 675144
b 2248 2271 968125
b 1406 1288 912879
b 3105 3027 248173
a 2813 2444 752229
a 1733 1448 487273
b 1496 813 89261
b 3051 1076 354758
b 2675 2422 869164
b 2126 3233 421624
a 2815 488 873446
b 1367 2279 272276
a 1313 2806 72257
b 133 127 793742
b 1150 711 928511
b 933 933 419387
b 2125 2462 469575
a 504 3225 287631
a 3320 2366 739805
a 1794 816 119007
b 3063 1842 993764
a 418 631 413599
b 1392 1706 973410
b 483 1706 478180
b 1206 2064 625403
a 2374 3006 481314
a 3036 1368 791476
b 806 3116 998958
b 1635 836 511600
b 300 327 216828
a 261 112 504693
a 1142 1302 12577
b 606 2846 416871
b 260 1829 469906
a 2466 1154 645579
a 2745 3453 726242
a 2461 3347 930373
a 1635 2050 847238
b 1256 1645 373209
a 2753 994 60115
b 349 2233 239852
b 1802 244 61245
b 3309 2035 220930
b 1205 1823 706649
a 1226 1574 755329
b 1640 285 405531
a 1375 649 873516
b 3138 1198 723608
a 2966 65 553448
a 273 2765 817861
a 2491 2046 959290
a 1809 2891 442037
a 3120 1433 266501
b 240 963 646813
b 615 2703 784015
b 1275 255 784786
a 1932 988 484604
b 1479 1567 199432
b 3259 503 926097
b 1149 2124 899988
b 695 684 60786
a 2163 1592 839083
b 3083 1079 395299
a 3052 2058 816992
b 1813 2109 483785
a 1696 3378 859560
a 1681 2622 182121
b 179 565 795480
a 2111 3372 591910
a 1757 2195 120613
a 3044 113 5255
b 2051 2271 835170
a 633 1518 52014
b 2900 2786 648644
b 524 787 691616
a 1767 1230 19744
b 2944 2859 257923
b 323 753 117611
a 1559 2566 374042
a 186 967 571000
b 391 2471 216011
b 3455 281 690108
a 2082 3015 90072
a 284 304 633420
b 383 65 8040
a 1781 1659 769181
a 375 112 369214
b 3436 3189 927746
a 2225 3287 793344
a 1280 1007 893424
a 1795 3133 836144
b 1124 2651 437565
a 332 3181 363253
b 307 207 432283
a 742 437 6482
b 2512 1888 24992
b 83 515 536493
a 1582 185 454785
b 2761 2297 282504
a 1899 2492 489937
b 675 2103 996682
a 493 80 612229
a 976 735 262006
a 1471 769 52531
a 3011 655 713522
b 2325 3000 81613
b 2874 1671 247105
b 3228 1907 16937
a 639 982 234183
a 3359 3390 973180
a 1680 2622 263179
a 1075 254 467673
a 1414 550 329455
a 426 997 743926
a 1241 3108 556729
a 3189 3338 611238
b 3016 401 535117
b 2742 1462 261215
a 604 845 845487
b 3419 1742 782260
b 2772 3217 350469
b 812 1620 618011
a 1000 2358 752721
b 622 3133 800231
a 1864 779 608890
b 2090 592 953613
b 2348 3198 107076
b 247 2356 121571
b 83 1700 775250
a 2749 70 504155
a 525 2471 832234
a 1891 1652 587148
b 1557 1440 929520
a 2943 2220 152872
b 3042 3411 409960
b 2677 2812 171206
b 270 1718 664056
b 941 1853 199512
b 585 3237 436515
a 58 2342 136821
b 3297 2136 977166
a 2396 1656 823951
a 308 2939 480381
b 1224 2925 893309
b 2672 1598 493462
a 1601 625 652721
a 2184 1497 107036
b 1106 529 511938
a 771 1405 83764
a 1493 1718 34915
b 227 160 287586
b 2632 2772 474920
b 1095 3195 380556
a 3405 1195 917447
b 2731 3409 563509
a 1101 415 883923
a 177 1457 466626
a 1164 2029 195266
a 1740 3132 304055
a 3115 1788 826215
a 2729 1599 831994
b 2491 617 955640
b 1555 2641 323790
b 2123 1872 285832
b 27 2631 602136
a 469 1549 396173
b 2868 3383 474012
a 1016 1777 290779
b 1784 1498 989568
a 1463 111 524197
a 1945 2638 794055
a 2523 2797 544578
a 1632 2399 355990
b 1872 2330 743269
a 2427 2867 645938
b 689 330 210722
a 2309 3098 229246
b 1234 2768 815791
a 1199 101 258176
b 2137 1154 967328
b 2918 391 731100
a 1994 943 695400
b 1322 1372 275415
b 338 438 227486
a 1941 2867 496469
b 548 2965 568629
a 461 1130 397082
a 2719 1301 821313
a 1023 1058 437259
b 3277 1988 628216
b 2387 2815 276973
a 1719 2914 548590
a 1432 397 644259
b 3203 1868 909719
a 361 1136 962035
a 1087 2513 369415
a 2592 1804 721090
a 1125 1059 108596
a 3314 2527 829074
b 3128 1131 700466
a 530 2815 520394
a 2784 653 655029
a 889 1086 88621
b 925 69 716305
b 3178 2107 62880
b 41 1372 94076
a 514 3230 60968
a 61 744 343178
b 686 1233 490793
b 613 1136 143983
b 2620 1702 233511
b 2822 1383 447167
b 2753 1131 408135
b 2651 1393 55088
b 1033 2791 891470
b 3137 1709 445142
a 3334 909 855200
a 40 1778 389605
b 622 1248 554945
a 980 785 926258
a 1446 2014 722262
b 2855 953 558449
a 1607 345 387300
b 2342 468 290422
a 3262 2218 749903
b 2285 2376 682615
a 3377 250 70043
b 769 1091 301960
a 3316 2802 225773
a 2955 1456 811485
b 3349 1019 447114
a 1716 2368 879115
a 1630 726 761110
a 1100 322 385094
a 3424 2278 459733
a 1798 472 466594
b 753 2178 791661
b 978 3306 498773
a 112 1310 938912
a 190 2415 676275
a 2195 253 221589
a 3453 1438 215920
b 1557 737 965136
b 2859 565 2273
a 1200 3275 81012
a 1142 2047 586810
a 1870 134 821511
b 1708 321 109328
a 911 2203 586349
a 3057 513 40791
b 290 1475 352746
a 2900 1508 84068
b 2234 1604 193636
a 741 1314 743979
b 2292 2984 741661
b 924 244 512129
a 866 286 735484
a 2079 1481 95898
b 1277 728 555013
b 1901 3039 64267
a 2896 3159 34075
b 3145 407 912264
b 1829 381 516740
b 2936 842 36966
b 3151 2627 61348
a 2468 140 194713
b 114 3328 414975
b 1056 3439 598646
a 2607 2107 225339
a 1486 536 317745
a 1513 1066 264859
b 3047 3002 927135
a 1892 838 248836
b 876 1542 759092
b 2681 3050 602938
a 2372 572 785989
b 1475 540 340451
b 1211 718 262854
a 2915 1675 546050
b 931 1948 231244
b 11 2813 401468
b 2838 1445 513355
a 371 848 986901
b 521 994 452056
b 1515 2453 519987
a 284 2437 452967
a 110 2067 745625
a 1896 2620 172813
a 3020 1109 561132
a 1716 2976 284990
a 131 2300 865328
a 709 1573 383183
b 1806 2236 939147
b 697 2175 92149
a 2197 705 858880
a 804 819 513219
a 1427 3292 218228
a 951 3403 536302
b 2996 266 212972
b 687 2036 646987
b 3010 2951 424203
a 791 1162 200974
a 340 3179 165527
b 863 459 211980
b 976 2990 353972
b 433 1968 914425
b 24 3390 846759
a 1023 1253 890283
a 860 898 107028
a 356 3124 456468
b 1863 1856 534399
b 2034 224 554570
b 1520 1669 362573
a 540 78 998401
b 1218 2433 118914
b 3219 1170 983182
b 185 2243 433284
b 730 1920 992486
b 954 2271 481942
a 515 410 917020
a 317 320 391901
b 244 93 764581
b 3375 2825 607966
b 3397 1542 663638
b 2878 1191 329661
b 1745 3284 626275
a 1207 123 894078
b 1913 1171 156834
a 3019 167 773254
a 3003 405 163973
b 461 2053 482970
a 2325 339 706658
a 652 3372 704478
a 3277 3440 282094
a 1064 2469 345238
a 838 266 432060
a 809 1406 494311
a 2706 1022 712257
b 1621 2279 163286
a 3442 2555 988178
a 2701 2776 731846
b 689 97 264548
b 1792 2005 597118
b 2702 235 885450
a 529 2391 216864
b 65 2821 987641
b 2908 1122 910642
b 1786 2096 3078
b 1458 3259 489687
a 1757 1567 177190
a 3209 1620 685142
b 447 666 112172
a 1953 706 285329
b 1434 726 232398
a 332 2239 807566
a 2859 2026 414175
b 938 3380 953201
b 2370 2090 355732
b 1919 3239 133438
a 2489 1456 228035
b 3315 1576 75546
a 345 1873 28126
a 1013 3109 705930
b 3304 1019 833339
b 3267 3317 14002
b 3210 1810 465423
a 143 1724 972246
a 1665 351 822317
b 1718 583 357211
b 1361 2405 631627
a 1840 3156 309702
a 2446 184 628476
b 638 686 573563
a 1912 3391 963318
a 3311 3396 601535
b 1149 2699 573580
a 1888 1243 318901
a 704 1147 487731
a 103 370 951203
b 1930 1419 726401
b 290 448 664109
a 1271 447 500520
b 95 1488 839639
b 169 556 425599
a 77 1425 88199
b 286 2057 216376
b 2130 3 60479
a 3213 1296 561962
a 2146 1751 407206
b 1986 3257 972423
b 867 2215 395520
b 227 1214 179238
b 134 141 344688
a 3130 2438 763833
a 104 1531 373308
a 1894 3016 904855
b 1383 1803 587080
b 1368 1454 138930
a 2502 2618 21721
b 2685 2278 596385
a 3053 1347 289554
b 1130 1553 103830
a 1805 142 4089
a 257 51 197928
a 2051 1268 837042
b 2121 627 550089
a 2040 563 690817
b 1338 926 668432
b 54 2648 25996
b 1798 3380 712560
b 863 473 264662
a 423 3353 196157
b 2485 878 821060
b 1838 1460 875245
a 3047 921 331227
a 2503 2412 18579
a 3065 1123 471806
a 2024 2251 490341
b 2854 1435 227059
b 1589 234 37110
a 1904 911 910046
b 1732 1126 925692
a 2779 2753 680260
a 2057 2221 32907
a 2006 2452 28296
b 1264 1572 529878
a 1688 1267 928944
a 3262 2185 11828
a 198 1186 40032
a 3263 128 980184
a 3216 2099 922909
b 1978 177 490902
b 51 2156 333003
a 490 1737 167652
a 1676 601 804078
b 2350 2852 27029
a 1902 286 124971
b 892 960 942047
b 687 2588 611398
b 2137 3046 281942
b 2429 158 826469
a 1637 271 234734
b 2368 2684 113419
a 584 3217 246267
a 1493 1746 306653
a 2128 119 824947
a 1356 3453 781792
a 2838 3214 223658
a 27 758 120888
a 1486 2752 242643
a 342 736 447209
a 3261 755 548485
a 1538 1262 915480
b 1776 3378 258803
b 2616 2816 980042
b 1838 1315 776946
a 2452 3331 24034
b 444 1498 910261
b 2542 1939 726503
b 2165 2636 69587
b 1752 3155 202555
a 996 909 180543
a 3027 435 793187
a 3297 1482 936334
a 482 1580 415493
a 2723 1207 10740
a 1723 50 452388
b 1467 2196 992069
b 2791 167 337190
a 2798 2478 487863
b 1136 463 773645
b 974 2537 553246
a 2576 126 304768
b 70 2161 700718
a 2663 3201 932802
a 1244 1159 181435
a 312 2583 228345
a 2446 1716 708219
b 2760 1152 429735
b 194 412 517058
a 1002 179 129011
a 3253 2217 549956
b 2202 2184 278496
b 1973 2885 999382
a 1284 2929 850644
b 756 881 389484
b 1112 24 660114
a 3324 1470 815643
b 71 2062 72062
b 2437 1537 853911
b 827 1228 847839
a 1487 2654 626676
a 1791 969 641751
a 2194 599 898664
a 162 1698 816300
a 1244 1263 760071
b 869 3120 260418
b 1328 1449 40133
a 3248 2151 982237
b 1150 2637 588215
a 310 185 965410
b 1131 3235 556753
b 911 2102 289302
b 1858 1639 970984
a 2723 2794 209053
b 1308 1608 307184
b 1081 3013 399036
b 2409 3135 741886
a 392 1533 240598
b 3155 907 562438
a 246 3278 805105
b 2038 3394 317341
a 1146 3215 346289
b 1297 1598 130231
a 2882 930 502490
b 2909 3109 328745
b 1092 854 864274
a 1956 2865 520871
a 3264 148 944795
b 2218 1634 415494
a 2555 3290 329884
b 535 3085 601594
b 1731 388 93145
b 676 3263 444440
b 3115 3258 79989
b 2207 2393 356052
a 1970 2690 919670
b 354 3102 602115
a 1354 227 958528
a 3259 489 38489
b 3023 1703 34904
b 3125 604 473451
a 1623 1851 118241
a 608 2391 881453
a 2967 733 999457
b 1523 212 436532
a 1523 1484 91452
a 849 1261 165876
b 1478 2216 650871
b 2799 264 919554
a 1328 2153 665845
b 3061 1812 360658
b 429 1837 835388
a 3151 294 990137
a 542 3366 444784
b 1435 1495 430955
b 3456 2905 414358
a 860 3094 737917
b 636 3277 48337
a 2706 2614 643684
a 1058 722 597351
a 706 735 450867
a 3121 2557 764796
b 2207 2681 242655
b 1338 1162 214997
b 2558 2304 688125
b 1416 337 163414
b 1283 619 482049
b 3417 2619 104387
b 2885 1837 20480
b 2498 3439 262657
a 1962 1541 488942
b 1550 244 381204
a 1348 1816 629920
b 1216 2339 566690
b 3049 2314 955787
a 2820 674 280494
b 2624 556 911170
b 254 2748 959965
b 3196 291 296314
a 36 681 710388
b 140 650 200008
a 839 1696 74071
a 1186 2501 842976
a 1305 195 575818
a 13 150 946648
a 2762 2258 339314
a 2719 2214 243618
b 490 3305 334099
b 1084 798 297812
b 1036 658 568851
a 1082 2213 380386
b 2566 1700 756469
b 1582 2377 824418
b 721 1852 307935
b 3370 2546 258950
a 938 1790 427411
a 1549 1929 735780
a 579 2059 630584
b 1216 3025 495600
b 2471 393 536017
a 3412 970 907264
a 2543 2012 461635
b 1473 2040 544966
b 1436 1415 943955
a 261 1963 464600
a 2503 23 532581
a 242 1382 188715
b 2837 1985 336253
b 2181 977 864466
b 285 2054 175616
a 424 3154 174850
b 539 400 354355
b 64 922 448784
b 1883 2508 579706
b 2834 404 979889
b 2051 2946 705817
b 3113 46 928120
a 1347 807 383669
a 2977 2625 162331
a 144 1987 32467
a 2932 394 215661
a 904 473 988567
a 1160 3089 881571
b 3056 2906 966405
a 1961 682 464914
b 426 2053 347779
b 2762 928 270511
a 1722 2073 345171
b 3115 458 500557
b 1703 2492 214364
a 1066 3351 164706
b 600 3212 126370
a 3412 1959 420289
b 1016 1422 697864
a 2369 118 184032
b 717 363 966996
a 592 1638 708626
a 1836 1481 670826
b 1773 3412 649612
b 3064 792 170446
b 1940 3447 87908
a 2209 3190 132325
b 1975 2673 480332
b 2824 3245 827188
a 2235 2690 355035
b 1638 904 708255
b 3206 1493 576899
a 570 1990 193898
b 3447 842 76379
a 2717 2440 396027
a 1413 2703 699669
b 2293 2771 181525
a 1196 450 117319
a 1990 373 518749
a 2950 774 634854
a 2718 2106 247511
b 2903 1149 264005
a 2656 2546 173417
b 3400 562 418522
a 1615 1937 560854
a 2850 2678 626936
a 730 2281 959107
a 1027 2233 154133
b 2069 2138 566196
b 251 3316 922821
a 249 2502 581774
a 688 1800 414075
b 170 3408 760470
a 861 2345 447438
b 1686 551 452400
a 1310 1799 907312
a 1757 2035 284257
b 918 2875 397624
a 710 1180 808524
a 324 519 222360
a 2562 3229 543671
a 2329 839 111399
b 634 3141 784390
a 2751 2296 339928
b 670 1761 111294
a 622 572 767743
b 2945 2410 603394
b 3364 1916 785298
a 1493 1230 576664
b 3192 1921 666852
a 348 3354 709285
a 2132 2462 693803
a 3247 1036 927595
a 2077 1361 718650
a 454 523 400465
a 761 575 720327
b 1689 1787 944282
a 2542 1503 128422
b 1578 1627 676715
b 3200 175 486218
b 2259 1827 745992
b 2192 2971 693962
b 1326 1881 418583
b 1981 1484 613529
a 1 1413 784347
b 1922 1719 453323
a 2653 3056 33145
a 205 1743 223766
a 3068 2516 751990
b 2649 3188 312078
b 505 3096 308917
b 2628 1696 507239
b 3297 2934 867325
a 1958 495 766837
b 2097 3401 674672
a 3225 2041 880430
a 1453 1989 54931
a 1236 992 549798
b 823 2219 729868
b 3450 829 108560
b 1675 2788 914590
a 2548 2367 203843
b 1262 211 758574
a 650 53 446450
b 1467 2126 649217
b 3365 3152 742193
b 146 542 318395
a 2747 1845 331446
b 1250 3283 18208
b 1131 2252 362133
a 2401 2716 465557
b 2870 575 923842
b 1296 2417 267231
a 803 1622 794898
a 3224 189 951394
a 2554 2282 541560
a 3376 2730 630306
b 915 418 817611
a 1074 1812 286852
b 868 302 292414
a 2649 283 283917
b 3030 108 185446
b 1100 168 836512
a 729 1689 845111
a 2135 2431 918916
a 350 2039 808389
b 2569 3221 266459
b 170 2881 901766
b 1619 2666 39467
b 3142 1140 501902
b 994 111 31896
b 2412 640 609809
b 2969 1324 791142
b 864 55 657700
b 548 100 876218
a 2926 1964 70971
a 1673 1250 878745
a 167 1196 953962
a 1003 651 477799
a 2645 717 769767
b 1568 2631 189800
a 553 2631 58950
a 1447 3187 443329
b 801 175 418811
b 1181 458 999095
a 2647 263 719003
b 801 3202 323374
a 3417 2640 725786
a 347 3282 110378
b 3352 1065 441997
b 3253 480 706769
a 1077 1526 502376
b 1735 1398 284390
b 1491 3399 366400
b 1830 2375 272206
a 3214 181 777417
a 2494 2524 956877
b 2517 105 934424
b 2632 3078 510472
a 1948 500 753377
a 3055 2224 247684
b 699 1186 320504
b 144 80 915301
a 1294 399 92308
a 2297 1703 121712
b 2160 3108 114438
b 3036 3265 731400
b 1813 1754 891078
a 2467 3128 591347
b 530 2135 26981
a 455 1614 788117
a 554 1062 39067
a 2146 634 461042
b 1901 1369 227961
b 14 1201 46896
a 2341 2653 56311
b 279 1858 844050
b 1484 2970 681446
b 2688 332 440445
b 2554 2965 676606
a 1064 1145 966965
b 1805 2392 234769
a 2046 2524 478688
b 1600 2406 706964
b 2456 1441 662913
b 1604 2525 36764
a 1511 1747 854653
b 1798 1488 659997
b 1525 2868 291608
b 3032 149 319212
a 1202 2322 861880
a 1201 3325 685117
b 748 2761 322656
a 231 1172 331941
b 3442 3038 282997
a 1054 810 247640
b 2501 429 141243
a 932 730 668139
a 2460 2662 455448
b 3439 1723 693202
b 3219 1014 618703
a 834 1517 826466
b 2917 1035 505605
a 640 1032 898320
a 2895 3336 877118
b 1332 3406 927151
a 720 210 964320
a 1896 2700 75188
b 234 1814 63086
b 1755 1367 321908
a 1525 2830 835341
b 3456 3331 514083
a 1587 2428 719170
a 460 1592 619862
b 2435 1606 17584
a 2149 1303 676802
a 809 2932 514013
b 1892 1316 632314
a 3278 2301 208238
a 771 1319 116595
a 2793 3 43749
b 1118 3006 922818
a 921 591 252329
b 571 1216 817115
a 2668 1724 131133
a 347 1350 578131
b 2158 1055 638214
b 2682 234 798943
a 507 2949 467465
b 2194 2736 221778
a 2274 1292 896170
b 217 2335 185121
b 859 3316 424813
b 2646 854 439969
b 331 427 928183
a 606 1716 589831
a 1 1824 594381
a 2198 2107 233254
b 2327 2077 646098
a 2337 1426 265907
b 1327 451 507213
a 2271 2432 231171
b 691 115 511392
a 2971 2567 927947
a 244 921 35920
a 3409 161 634974
b 280 14 844099
b 939 1241 392369
a 1070 185 177916
b 907 3118 255898
b 2887 1305 698081
b 2784 13 968331
a 122 1050 642804
b 1553 1594 50010
a 1627 3105 351964
a 2657 1213 880316
b 254 3212 453660
b 1994 122 791172
b 752 1916 530330
b 2873 1307 65511
b 461 1751 876313
a 720 1000 804795
a 1384 433 360957
b 319 2896 88946
a 2365 3150 498829
a 1548 2670 976034
a 2202 3050 738027
a 479 2915 854208
b 1780 2532 328733
b 2963 2020 82975
a 2867 1525 670407
b 1269 448 932725
b 2087 3383 771117
a 2274 1113 817365
a 2590 429 647796
b 2810 2639 792052
b 392 1907 460961
a 2162 2286 294248
a 1561 803 201560
a 1880 1708 784163
b 805 1566 205277
b 2366 1883 170940
b 509 2331 115030
a 2970 1958 722469
b 689 1801 983366
a 2473 1008 58485
a 2504 239 526865
a 2710 2746 833502
a 2035 3425 233790
b 2030 858 295222
b 93 518 852143
b 3149 3196 456306
a 657 2584 302314
a 198 2271 328613
b 3320 2008 135699
b 1593 346 944901
a 720 2954 702767
b 3270 1243 284453
a 1950 1973 649121
a 2901 771 819835
b 3056 2929 650351
a 1089 893 237722
a 2024 20 247037
b 1094 1262 117880
b 1472 3444 357071
b 2549 2150 401896
b 2813 3206 828939
b 35 2975 323168
b 699 2340 239476
a 2997 3266 316404
b 2116 1943 529775
b 795 2248 733079
b 1426 2335 142848
b 1639 2101 862112
a 1324 1389 534989
b 713 1199 149057
a 1923 2902 581337
a 3026 3338 129169
a 692 1394 788233
b 1992 9 921410
b 3375 1967 643873
a 3116 3018 908395
b 2535 2015 509895
a 1181 2929 437247
a 335 3052 772798
b 2130 775 344914
b 3454 1889 31275
b 583 733 667674
b 252 454 823122
a 319 177 303978
b 1422 990 603481
b 2207 2515 173688
b 2184 2865 205315
a 2006 1475 150232
b 1940 3281 486709
a 2564 2146 123069
b 795 1752 289396
b 1395 2363 927294
a 1914 492 399395
a 3274 1373 55566
b 1882 953 939848
b 3220 2767 205121
b 933 1041 668936
b 3260 2444 845837
a 1515 1538 549029
b 828 3400 95622
a 2549 2853 200134
a 1866 3003 510239
a 2926 1942 261486
a 3394 380 236463
b 3213 276 649154
b 2197 874 772841
b 2285 656 384519
a 2792 863 428577
b 1527 3373 7584
a 59 2960 9741
b 382 2776 539092
a 1084 2785 670337
b 1566 3198 736389
b 313 1244 441009
b 2474 1408 379384
b 1513 304 455153
b 2643 2025 318035
b 142 312 58487
a 3425 251 907097
b 3108 3284 720087
a 2299 2647 38383
a 2091 3046 539589
b 1079 1669 887706
a 176 1610 412885
b 390 1306 330558
b 3159 2772 60477
b 2729 733 315551
b 2265 3406 234065
a 1440 3139 338146
a 2543 2047 319429
a 1887 119 819532
b 2764 598 891630
b 1600 1043 478913
b 1522 1824 817152
b 2410 105 434629
a 239 219 49743
b 1429 806 331069
a 3247 3111 211729
a 358 118 893806
b 611 1187 46938
b 3243 34 157372
a 1497 2153 975262
a 540 808 428971
b 1984 602 414066
b 3208 3211 724193
b 2871 2356 787850
a 1936 108 389984
a 3307 152 955322
a 2997 590 27343
b 1498 3362 885944
a 149 2459 107761
a 477 2155 792536
b 1839 2778 479916
a 117 2574 956174
b 906 1509 343939
a 1387 251 244783
a 1491 3317 97114
b 1617 3238 658671
b 1098 934 475960
b 600 2923 814691
b 2603 2501 488255
b 528 561 920447
a 1716 3044 976181
b 909 2413 556952
b 892 2165 873342
b 3341 1231 215458
a 3025 126 823006
b 1077 693 774577
b 2254 493 204475
b 694 1584 191740
b 1036 2055 7256
b 2475 339 712788
b 2536 2331 820121
b 217 1233 156976
b 1278 1667 393541
b 1692 1658 879716
a 3228 1965 670526
a 467 103 51812
b 3388 3248 772426
b 3293 873 244165
b 1447 431 156557
b 2750 3216 939195
a 327 1141 910412
b 3167 564 851163
a 3226 3366 252266
b 1774 902 666841
b 354 1222 634093
b 1070 3312 402250
b 408 1465 543673
a 892 310 188963
a 1191 3119 493906
b 3455 1953 418038
b 1888 1085 598750
a 1653 1292 814267
b 2465 2849 95008
b 914 49 712644
b 1585 1547 11709
a 1364 1099 889414
a 114 1151 508153
b 2026 1497 442710
b 32 865 86202
b 3224 3373 206824
a 2972 233 917443
a 999 709 191697
b 276 2201 681209
b 3014 3218 626501
a 2502 1791 285217
a 2668 1344 119513
a 2560 1340 902302
a 527 2941 656257
b 2072 1902 167350
a 1005 2845 145042
b 469 398 618317
b 2123 501 286721
a 2278 1728 494056
b 114 1417 363041
a 710 1109 596650
b 1407 3416 325735
b 191 2680 59609
b 3370 591 190952
a 753 3164 466522
a 1131 1996 375640
a 2018 2202 213807
a 995 2246 10508
a 333 2559 867071
b 3090 1466 83576
b 706 3332 955981
b 2511 1896 719922
a 1742 2578 298302
b 900 972 774828
b 3336 1815 590871
b 2760 2681 521404
b 377 2265 624955
a 1646 2645 789846
b 1191 2070 662768
a 3408 517 224271
b 3290 214 504859
a 2768 2409 640668
a 586 2759 21630
b 2974 2738 891344
a 562 2831 664256
a 45 1114 328864
a 1012 3440 824868
b 44 854 827169
a 766 1473 263695
b 3037 1117 69768
b 2450 746 891974
a 2806 751 685352
b 2097 2858 680621
b 1829 1214 118
a 1112 915 21000
a 213 2930 968327
b 2732 1956 908348
b 2472 2152 220496
a 2699 48 52878
a 2904 2087 104292
b 3274 842 301602
a 1489 2316 761464
a 761 1541 159228
b 1422 2416 188834
a 3128 1440 495169
a 821 1347 778132
a 2559 836 150838
b 521 2098 533028
a 1199 464 653759
b 875 660 432199
a 3127 3330 220448
b 2788 729 243856
b 1254 2756 106558
a 1570 2524 349748
b 850 1264 92126
a 448 1309 318729
b 88 592 686116
a 2279 1275 652865
a 1823 2570 299988
a 864 2569 714802
a 1490 1900 907603
b 1743 1879 13585
b 175 934 246054
b 2278 1790 871729
a 1637 3174 826993
a 2596 884 855368
a 64 273 216632
a 1068 3137 740521
a 2276 1601 19745
a 305 248 357833
a 2964 1661 76783
a 2931 1625 311550
b 2383 2244 376518
b 2102 2187 674810
a 2224 1288 749357
b 190 760 308244
b 1717 2530 682118
b 2034 2441 461758
b 509 749 924311
a 2924 1298 206542
a 828 3080 1028
b 2655 2945 180537
b 1938 2295 605009
b 1270 569 497490
a 1423 33 607396
a 1922 2019 248015
a 2110 1628 403712
a 2254 795 392195
b 1612 2879 809482
a 2646 1595 480548
b 2549 746 298950
b 694 2401 323717
b 1410 2542 366233
b 3040 1306 364572
b 1551 606 227592
a 825 1863 414972
b 274 1213 93431
a 2590 2671 213083
a 3065 2434 282603
b 430 408 819788
b 1095 737 457159
a 2332 844 157701
a 3290 1164 795345
a 2516 3100 409817
a 1772 2196 54637
a 163 2243 205502
b 3257 2995 14112
b 2265 89 226248
b 2098 1274 397389
a 2578 726 421610
b 868 2982 79930
a 338 2992 232635
a 470 134 34891
a 2452 502 72749
a 1456 499 382085
a 2931 2007 534679
a 1839 2390 952971
b 1698 616 78188
b 994 140 87395
b 460 255 432640
b 3100 3190 783921
a 3192 2772 38665
b 3231 2912 777338
a 1196 2794 550810
b 1474 1197 41761
a 1040 1272 607977
a 2487 1653 840685
a 1085 2718 209610
a 3348 1992 45696
b 1371 697 719728
a 340 1362 701919
b 1431 2388 814642
a 2508 2865 796016
b 3074 1897 917379
b 2663 2938 263606
b 2181 3173 790391
b 875 2372 147542
b 2750 1034 15428
b 2803 1100 106517
b 1400 2815 150845
a 1825 1938 983190
b 3433 2926 783512
a 3155 2413 508319
a 2583 2614 768041
a 1643 1919 791444
a 832 277 117668
b 1028 498 416250
a 2319 2573 786589
a 2175 702 653941
b 3346 927 707914
a 1786 1648 301577
a 904 1556 436479
a 2566 821 78043
a 2298 2206 563568
a 2509 1300 836848
b 1648 646 223153
a 533 2772 201707
a 898 1178 228728
a 2204 1637 946259
b 1730 1730 337561
b 2395 2594 14538
b 1892 73 535560
a 2562 843 862614
a 1678 2207 254169
b 597 1882 495450
a 891 2983 601922
b 1250 2505 534941
b 2354 3296 881687
b 54 2036 479105
b 1351 1110 195404
a 852 1665 387468
b 2557 1828 868853
a 2219 696 718689
b 556 249 545800
b 717 2311 116807
a 25 2760 921369
a 3071 2263 334880
b 1874 1444 934940
a 719 2842 992370
b 1497 1891 986854
a 2081 785 786016
b 2797 999 245611
a 151 2743 945009
b 2750 742 146175
a 2280 1915 463815
a 2754 3011 698776
b 1179 770 473512
a 691 457 548938
b 27 459 538232
a 1509 1035 693705
a 1294 1807 476027
a 744 975 634922
b 1357 1469 939478
b 972 1639 269217
a 1713 2995 576654
a 173 2564 704259
a 21 610 328967
a 1326 2551 259844
b 629 492 172677
b 2339 738 80889
a 3361 700 263726
a 1521 3166 567190
a 1851 1471 856388
b 140 1272 577263
a 2356 134 462830
a 2364 140 972155
b 1160 2742 174576
b 2318 1715 823627
a 1632 1927 203693
a 3447 423 528278
b 2933 735 563435
b 551 923 715504
a 2580 2121 697806
a 2977 2850 345421
b 2763 3177 457626
b 2401 3432 924162
a 2500 2794 845365
b 1622 82 840515
b 3007 2760 446498
b 583 2103 152741
b 2931 1148 775302
a 1455 3297 147164
b 2527 439 961637
b 253 2838 767613
a 2306 2482 76644
a 2655 1173 662716
a 2068 138 84680
b 607 999 517998
a 3444 631 853109
b 2791 877 902151
b 2336 2129 546992
b 2528 593 111900
b 1738 2229 854172
b 2728 2719 313506
a 554 2010 209343
b 858 861 595819
b 2055 946 691773
b 2621 366 851055
a 1596 457 451163
b 3434 73 13760
b 2750 1304 994620
a 1485 1156 514771
a 2141 1321 72870
a 2880 1165 436797
a 2712 716 370941
a 1985 2797 196978
a 3025 3365 22278
a 2553 178 161223
b 3144 2799 138021
b 2606 144 983664
a 1383 2702 49182
a 2731 2144 778242
a 1470 677 119254
a 2253 597 453297
b 3289 1543 199569
b 2769 1655 352338
b 1836 2280 988917
a 3233 109 95386
a 1078 3250 915333
b 2452 140 835676
b 929 2457 419878
b 1692 2733 13581
b 1037 1169 21661
a 3219 522 828738
b 3423 3215 552653
a 625 3363 156527
b 971 2083 999996
b 1923 1169 760233
b 1550 2900 587150
a 638 1767 911461
b 1721 1582 213896
b 2487 977 108662
b 659 3402 201678
b 1384 1157 411921
b 3136 332 332772
a 2330 2263 368395
a 1436 1949 543599
b 857 2582 238361
b 1237 2544 881908
b 2001 2887 157710
b 3040 684 943446
b 2210 613 165407
a 2174 3186 81179
b 487 2360 328609
a 2730 82 553896
a 244 388 546505
b 445 1518 356927
a 1222 2782 477674
a 1867 2693 49287
a 1952 3275 462905
a 1047 2376 414019
a 1215 689 320587
a 1280 1309 819161
a 1685 2285 389077
b 656 542 442443
a 1472 1482 444842
a 1818 3095 114752
b 2664 2600 438847
b 2060 1914 614587
b 160 2676 122345
a 1218 1812 595361
b 2256 3046 84829
b 742 2280 59255
b 2681 1117 329390
b 1759 1888 47521
a 2226 2220 383314
a 2146 1445 459299
b 2930 2121 896668
a 646 3407 551715
b 1681 303 579073
a 2981 1390 274147
a 769 1265 151510
b 470 2875 871946
b 554 257 540496
b 2712 2910 526043
a 603 67 669890
b 308 2865 288508
a 594 3158 756258
a 926 272 711984
b 1578 2812 155395
b 3319 1436 227099
b 2794 441 502170
a 1612 229 186180
a 997 446 745533
b 1850 580 208205
b 421 2522 818782
a 2789 3343 38972
a 899 1155 11604
b 1465 2031 278197
a 2865 1790 266705
a 1509 1403 387772
b 2573 2450 501739
a 441 1602 898423
a 2219 1012 822295
a 2014 1387 444200
a 3224 2545 944808
b 284 71 399926
a 1043 1001 492948
b 3290 19 114597
b 2557 99 904494
a 2094 1898 298840
b 2957 1598 216940
a 3053 2042 660629
a 45 587 642913
a 2446 1584 928000
b 2830 860 530179
b 1566 1192 548701
b 1680 2937 500197
b 2880 1564 599442
a 98 830 900477
a 1792 1508 810402
a 59 1749 60638
b 3354 1930 586674
b 3395 11 395902
a 1148 783 261190
b 150 1117 605104
a 1543 208 990660
b 366 528 176298
a 1206 2589 875695
a 3066 130 40511
a 1090 1895 528812
b 284 915 366757
a 2383 3280 103807
b 1827 2757 621679
b 2366 2185 167310
b 1750 2885 261139
b 343 3454 635932
a 86 54 664421
b 44 3263 439630
b 2385 333 350232
a 2541 912 358248
a 953 1751 672771
a 969 3288 958864
a 396 1860 791064
b 663 228 371593
b 1107 1284 616238
a 2632 1182 225400
b 772 1275 965432
a 2442 3444 654241
a 594 900 415114
a 1079 3019 147306
b 1789 2349 514458
a 1697 2282 84822
a 405 2496 562427
a 573 3215 990026
a 2886 1281 326819
a 2079 858 449931
b 315 2536 498662
b 1534 1711 2940
a 3223 2364 169079
a 1245 2004 239587
b 2475 927 105197
a 1647 3223 714980
a 2765 445 745659
b 794 175 656708
b 2128 1755 807093
b 3261 1571 947111
a 808 632 645201
b 2633 3273 953617
a 2781 664 215011
a 954 209 982631
b 3029 2510 308767
b 2047 2988 765678
a 2187 2899 882969
a 1665 1221 598153
a 824 507 153735
a 2937 449 84798
a 2689 3242 993341
a 2774 1943 496306
b 3066 1487 651567
a 3364 1832 629799
b 3190 1516 940401
a 517 2684 692484
b 2653 1705 982073
a 273 2197 235276
b 3203 613 408667
b 1057 2040 839972
a 3294 123 575755
a 1291 962 306961
a 2369 2601 845469
a 2183 2339 970295
b 214 1066 457223
a 2143 3079 962842
b 1632 799 556957
b 756 55 50207
a 546 1271 806291
b 1799 566 901323
b 1281 2898 24573
b 837 531 324866
a 3279 1984 216913
a 1406 1186 886792
a 726 1750 373731
a 1901 1716 709506
a 2508 325 40807
b 3371 561 564085
b 2465 919 123634
a 2109 4 198405
a 2218 2660 277048
b 2237 317 223094
b 2467 476 832397
b 80 568 191917
b 1810 2340 287271
b 2084 2920 607791
a 136 1529 242394
b 1199 30 963936
b 2773 366 11738
b 3179 103 332420
a 3118 3004 650492
a 3194 934 206209
a 1113 124 547060
a 524 1159 586585
a 2744 1012 169559
b 541 1355 153971
b 3363 1072 501977
a 2598 1024 873427
b 2027 606 10574
a 1399 1094 596764
b 153 342 423021
b 1944 2831 837524
b 1654 352 237767
a 16 2313 264287
b 948 2937 619987
b 1443 1566 649537
b 1820 3024 486629
a 2381 3034 553119
b 2702 676 897393
a 2358 2709 181502
b 2434 2903 484556
a 1441 1504 472450
b 484 2713 384106
a 1484 309 264688
b 483 3380 512096
b 1998 891 31531
a 2062 2670 61922
a 2792 187 380537
b 2308 2133 92741
a 2371 709 206078
b 1328 944 802877
b 742 2843 263358
b 2942 3214 103455
b 154 409 867871
b 2493 3162 516447
a 2201 1841 565156
b 1593 1277 298514
a 3068 3216 666226
a 3142 2978 591148
b 1155 992 863437
b 1642 1245 145538
a 3170 1678 230427
a 728 1384 866440
a 1199 2616 720735
b 467 2065 110099
a 2147 425 761982
a 1670 1676 954968
b 2329 869 853052
b 329 563 274985
a 1442 1220 341055
b 1043 3283 29310
b 1244 2556 821258
a 1198 207 128681
a 1366 3409 149122
b 2954 3026 492959
b 2282 2770 589099
a 1141 2967 995829
b 740 2048 644971
a 1411 1303 315167
a 1721 2067 992261
a 2165 1368 780146
a 1084 2512 309598
b 3232 1032 597154
b 1460 1505 288379
b 839 1495 407812
a 645 2198 301119
b 2534 2406 694221
a 1759 3226 648240
b 734 1716 554960
b 371 2332 89906
a 2760 257 813698
b 2954 1205 752778
a 2907 2735 224952
b 3197 564 222236
b 1647 2473 651878
a 1516 1673 173036
b 2801 1939 14625
b 1093 2429 232991
b 815 496 260318
a 3090 1688 865785
b 2849 337 313840
a 846 801 249120
a 229 1276 334092
a 163 2354 240343
a 1378 2011 680199
a 306 1439 678531
a 3204 2041 94293
b 1680 2062 26601
b 1043 3051 993036
b 1142 1449 121645
a 2251 1919 947870
b 239 2161 603155
b 2051 1357 579041
b 1466 275 393216
b 182 1541 416841
a 239 1377 380985
a 2893 2190 61228
a 3409 3450 424801
a 52 2396 837180
b 2294 2034 413183
a 778 3275 525071
a 356 1987 478453
b 2903 3393 276634
b 2121 364 715081
a 266 3066 969456
a 1096 1202 626590
a 1504 191 501958
b 1237 1440 905979
b 3176 1871 412273
b 1078 153 417410
a 2920 527 555366
b 2274 1085 229113
b 2342 2413 6584
b 2515 2587 413251
b 365 281 511580
b 515 1929 202535
b 169 675 259432
a 2552 1454 954887
a 2297 2827 609678
a 480 18 691753
a 69 1845 216100
a 2462 502 176625
a 2001 742 391583
b 2197 3093 846947
a 1561 633 313618
b 2092 904 58404
b 1767 1827 351859
a 1939 3324 280697
b 348 33 547413
b 1924 415 607750
a 2693 3228 734829
b 1213 633 52751
a 447 530 524113
b 1897 2771 252665
a 1596 931 339059
b 990 1641 149065
a 807 167 836969
a 1541 188 412067
b 526 1891 59176
b 3007 2349 199116
b 1385 1446 629827
a 1879 2005 438503
b 1492 2356 86960
a 135 589 14906
a 2202 111 320770
b 1241 3080 864105
b 746 570 645679
a 3321 2289 733112
b 2875 281 672138
b 2410 2971 850572
a 943 1824 416969
b 2598 1522 761770
a 1387 326 52927
a 8 1532 77942
a 17 1439 671778
a 431 647 956981
b 2511 2726 380677
a 572 1219 167370
b 1111 3413 857054
a 2855 596 858491
a 2894 3411 401536
a 2814 1772 951084
a 748 3458 174113
b 665 1577 213794
b 1090 179 319828
a 1099 739 820288
a 1029 1411 478799
b 2451 2259 766796
a 2450 2806 297125
b 452 2538 68586
a 799 1272 619148
a 1174 2296 386206
b 1676 186 955863
a 10 3097 588366
a 67 2062 369852
a 3408 2558 918909
a 905 1315 148238
b 30 254 13264
a 954 1731 791235
b 2648 2060 216971
a 1533 79 416815
b 3397 85 805588
b 1181 1985 948421
a 904 2009 345710
b 407 348 740700
a 844 1575 329022
a 2989 3021 672039
a 2887 767 640137
a 1528 2446 366650
a 2847 2934 321970
a 159 2978 487627
b 48 2230 164479
a 2585 2618 273069
b 1563 2944 930644
b 1398 3354 874006
b 1482 1340 130614
b 810 3266 603098
b 606 3198 508041
b 204 1163 131052
a 906 1108 409873
b 1775 3418 365347
a 1657 2641 418483
b 2968 2974 792754
a 2587 2811 887923
b 775 2865 31021
b 2820 2211 733751
b 2872 2147 891978
b 3258 1125 809794
a 595 376 690269
b 2488 860 907577
a 2249 1942 29593
a 146 2144 720929
a 2236 1751 578901
b 2515 2494 374046
b 3229 2618 76228
b 1972 1429 385972
a 369 2034 156859
b 94 794 509896
a 1725 3362 509741
b 881 1527 751967
b 1186 2735 430577
b 2325 105 384796
a 3410 2670 939514
b 1250 1866 843589
b 3427 3061 575901
a 209 1501 797119
b 665 516 651597
b 3025 2360 204556
a 181 1125 683361
a 2253 3356 889043
a 3043 3377 401356
a 2119 417 434583
b 70 3117 832163
a 2898 2323 296382
b 1981 631 262234
b 1052 1760 592266
b 179 1943 6789
b 1385 878 426594
b 2128 180 51610
a 1921 68 638345
a 926 846 422701
b 2591 3065 173605
b 543 3121 861426
b 2216 1213 641272
b 680 641 291966
b 89 196 901865
b 2427 1487 185221
b 1820 2499 759355
b 2273 672 509211
b 2372 3415 750996
a 2583 1354 160374
b 1717 733 72503
a 932 945 953834
a 1777 1286 509704
a 1650 2002 782251
b 47 1415 548686
a 3248 3348 95118
a 2280 3170 208619
b 2829 1054 548167
b 853 3379 323749
a 2576 3142 851307
a 1316 1343 352160
a 3029 1731 478702
a 2393 1813 415008
b 2085 3000 786852
b 795 1973 703242
a 568 2913 727811
b 715 535 479267
b 3096 2244 250783
b 1998 892 826191
a 1007 734 993452
a 2316 1201 460306
b 1816 2518 392831
b 3415 235 101138
a 190 2435 982540
a 1615 3403 81618
b 2396 2893 500712
b 2827 363 40567
a 2450 2110 483143
a 1410 1957 760325
b 1269 2565 650942
b 2770 2800 652193
b 2945 2957 810369
a 3398 809 890576
b 212 838 958373
a 1926 2257 204662
a 1024 2711 819486
a 151 3163 887576
b 1400 2233 85505
b 3344 142 558105
a 144 2632 635138
b 2132 995 671615
b 3418 203 532534
b 3398 2659 892782
b 3002 168 547281
a 798 1400 472619
b 2057 1932 574888
a 3324 17 35289
b 2311 2357 356463
b 724 2588 510078
b 1963 2556 903483
a 2171 98 610942
b 76 1949 162816
b 3098 475 763806
b 1669 890 985363
a 2232 1003 781313
a 2472 3168 631593
b 2185 2630 839917
a 1540 313 326229
b 1207 798 230918
a 2530 1551 143884
b 1846 3362 547217
a 597 1223 244131
a 852 37 782001
b 773 2886 393742
b 3338 3411 734508
a 1238 2582 847266
b 1394 2001 497830
a 451 1423 796435
a 755 987 151140
b 1430 307 820598
a 2387 1627 877450
a 1491 2036 467584
b 1531 804 339164
b 2931 2438 748356
a 747 2417 289343
b 237 1984 197047
a 2083 141 241399
a 1244 1301 226030
a 167 1707 313322
a 1878 1522 842205
a 2145 413 352347
b 588 3123 777177
a 2869 3360 524847
a 644 1942 945495
a 367 1434 859627
b 1482 1957 733482
a 3256 120 943090
b 20 3365 982919
a 909 972 963211
a 1737 917 91395
b 2202 1170 289816
a 2016 1761 902226
a 1611 1446 890078
b 2233 2983 180553
a 2170 211 42435
b 1441 3364 805853
b 2616 1211 998986
b 3133 1023 177953
b 162 816 572696
a 641 551 593930
a 852 45 293042
a 315 3028 821613
b 2977 2499 706620
b 925 1579 371263
b 2773 1564 682554
a 616 805 886867
b 468 1106 601937
a 162 2638 690846
b 2730 2332 353670
a 817 1610 283126
b 200 173 371645
b 1263 2328 902157
a 2715 2680 299834
b 103 2513 515129
b 1782 1324 281954
b 1139 3298 153967
a 1183 589 873914
b 1600 1535 255618
a 2415 456 472166
a 1749 692 340583
b 3434 121 127466
b 3229 973 166836
b 1252 163 755435
b 1438 500 333019
b 903 232 747694
a 2573 2942 871282
a 110 1230 797655
b 3329 1411 949102
a 1670 2805 643050
a 1897 607 115746
a 3082 2759 684557
a 761 2142 67459
b 1130 3239 826498
b 231 7 497703
a 2648 1730 287728
b 1070 1949 155584
b 1038 2000 58522
a 783 1690 858789
a 1057 616 996006
b 1343 2722 856072
b 847 2916 530903
a 706 1291 522367
a 803 619 858066
a 2694 1805 65343
b 2032 3197 801179
b 1467 1736 885915
b 2699 3114 850839
a 1926 3415 639305
b 328 790 271819
a 85 157 704220
a 1323 1872 111131
a 1013 2829 357450
a 2776 2092 459083
b 103 2586 248486
b 2344 707 574785
b 470 1447 574566
b 2653 907 882048
a 153 2254 697629
b 1168 1269 904109
b 2547 853 259137
a 2010 3209 517516
b 1209 2562 856805
a 2109 2168 861059
a 1708 1994 822591
b 1702 1916 340629
a 1826 2956 306914
a 2746 323 209638
b 2694 2889 471172
b 2886 2979 834621
b 105 1435 976888
b 1939 2087 953916
b 1487 506 840180
b 170 3153 883561
a 2253 1087 784651
a 2884 2066 886184
b 2305 1969 397683
b 2915 176 291262
b 1714 504 685311
a 1226 2174 396878
b 1684 1934 193061
a 1665 172 850206
a 2787 109 667256
a 2564 2737 635794
b 898 276 659886
b 1577 1504 282735
a 1282 1682 566234
b 152 2040 516824
a 878 850 114290
a 1391 2139 669395
b 363 690 492234
b 974 3042 612420
b 2716 2156 541333
b 1470 2773 339568
a 1343 3448 361386
b 1729 2763 65723
b 1594 1854 729148
b 1181 924 21929
a 2622 2778 889567
b 1305 3015 828767
a 1195 2873 346505
b 3407 841 537761
b 2008 2780 11149
a 2854 3279 257429
a 1806 738 808673
b 1955 1854 225726
b 2880 1934 529753
b 2447 2158 539329
a 1776 965 880233
a 962 3439 291875
b 2337 475 444133
a 1916 1828 216455
a 3279 2964 166851
a 2497 2079 195892
a 1878 3001 823063
b 1974 3045 291148
b 2448 821 898196
a 763 2681 512020
a 2138 2606 390417
b 1195 947 8946
a 501 1579 718209
b 3021 3313 55145
a 1810 2182 418104
b 1244 2833 23070
b 1976 2001 164460
b 2208 3345 191958
b 1871 1693 36273
a 2121 2720 586037
b 588 2735 790011
b 851 1234 873343
b 3155 315 809182
a 3075 622 143001
a 2701 1817 202896
b 1194 2116 927304
a 175 1889 329829
b 501 2047 111
b 2273 13 985105
