1874 11511
b 1841 489 955901
b 717 825 295226
b 1815 460 223817
b 1193 102 497260
b 579 867 515411
a 374 106 431508
b 954 1453 186353
a 1729 1099 888087
b 1806 1511 723931
b 598 938 962364
b 531 574 896614
b 127 577 204651
a 1111 1519 167817
b 28 1535 600040
b 999 180 63387
a 1173 884 457820
b 342 1258 845905
a 979 1469 12939
b 232 473 465795
a 825 1685 6430
b 1457 1360 478888
a 1734 998 557593
a 489 962 453525
a 687 698 411941
a 577 1205 494528
a 1480 493 912263
b 965 1143 156994
b 72 16 648869
b 432 1529 10511
a 735 1278 833095
a 1368 1416 820927
a 313 1530 286739
b 1002 1842 306568
b 1717 69 63503
b 119 1856 905601
b 1328 1795 217122
b 1055 1017 417568
a 519 121 285330
a 667 347 593787
b 438 1170 780294
a 658 1354 757641
b 1743 261 692676
a 915 1548 730081
b 1065 1449 656051
a 1570 1663 431672
b 565 1441 777753
a 1595 714 173799
a 1314 1785 599965
a 1464 566 112098
b 1831 458 248645
a 1040 406 770433
b 96 1346 729848
b 848 985 726586
a 708 1696 363389
a 1183 1643 34147
a 1335 1608 846585
a 289 1758 350516
b 1263 1388 60275
b 1512 183 629890
a 1826 812 531539
a 682 64 590596
b 1309 1114 633693
b 1532 1733 984784
a 42 1080 727097
b 333 951 596638
b 1168 281 747374
b 720 949 580931
b 750 979 932449
a 775 709 722871
b 649 830 856858
a 1422 1109 530958
a 1341 1356 15871
b 899 1166 333761
a 679 461 289877
a 569 1851 250661
b 1829 1545 833733
a 732 1138 582066
b 1586 1224 861652
a 102 964 527677
b 168 208 660072
b 892 492 485053
b 1087 1086 989321
b 1141 706 798152
a 117 140 805853
a 1829 274 58070
b 81 1690 421674
a 1237 1028 433916
a 1547 679 632727
a 1615 308 303601
b 1740 1696 763306
a 609 1375 804812
b 1833 337 51594
b 676 742 43330
a 1461 995 691901
a 1818 1000 104108
b 1780 1486 473770
a 1103 128 28670
b 893 149 685079
a 1386 500 563920
b 1168 1480 951467
a 1301 1150 624984
b 336 305 14828
b 18 503 328300
b 1724 515 623106
b 1594 401 136963
b 27 1235 218801
a 637 1090 526644
a 979 1787 569185
a 471 105 677557
b 193 912 93913
a 1413 699 138909
b 1675 877 192062
b 1370 1466 801185
a 511 1357 820887
a 1313 1214 15642
a 1264 1627 686924
a 366 1568 421436
b 996 222 92961
a 224 972 95070
a 1217 649 909823
a 1638 1067 273592
b 1654 1641 108395
b 1808 825 145952
b 1780 326 889291
a 313 1704 14475
b 1247 1855 418215
a 4 814 910609
b 1565 1148 210980
a 1364 129 796584
b 1548 422 46154
a 1597 1442 577894
a 58 814 45503
a 1713 922 424003
a 520 1210 922057
a 571 1769 520404
a 303 1042 412367
a 1426 1003 690448
b 192 1733 658007
b 521 1733 630541
a 98 732 789831
a 1666 300 546115
b 1648 327 99303
b 992 991 112711
a 851 1868 577885
a 339 188 978000
b 1053 1258 23535
b 1283 1285 478965
b 1502 1501 836612
b 747 1853 519852
b 392 1614 262243
a 1442 235 557131
a 91 1481 109553
b 1270 1283 181257
a 29 1738 990773
b 1417 17 828477
a 380 613 393814
b 935 842 656093
a 1503 868 342619
b 127 1205 576512
a 1151 1209 515305
a 1641 316 496603
b 1861 1502 108615
a 660 899 906502
a 1835 1711 605
b 1613 1834 307384
b 1576 7 556527
b 1062 414 644677
b 1454 84 810021
b 353 958 653222
a 470 630 298054
b 61 1820 984240
a 1656 430 839160
b 1104 1214 526042
b 571 573 13824
b 1466 911 867643
a 72 253 962119
b 103 1586 437065
a 18 1081 440530
a 412 679 750426
a 1345 701 797511
a 538 740 552102
a 1553 280 86830
b 1342 1014 280386
a 1751 918 414061
b 44 1156 759397
a 980 780 501578
a 1474 777 282469
b 887 404 628779
a 1870 461 445306
a 127 44 26328
a 1331 1382 978745
a 244 1295 245943
b 536 325 650905
b 226 84 397454
a 1174 297 431537
a 1359 1378 486724
b 551 226 276854
b 807 1407 845151
a 771 1848 702145
a 1495 577 188038
a 1216 646 522822
a 552 1052 742016
a 1795 1119 590877
a 1170 402 410930
b 301 5 757756
b 1199 1108 444323
b 81 280 913593
b 1262 753 123322
b 1567 1748 882380
b 20 1436 133054
b 1120 190 787658
b 6 816 319508
a 9 1187 179882
a 1505 22 598787
b 400 1643 79298
a 1163 1404 459059
b 695 1672 419466
a 756 503 635688
a 797 155 454935
a 1504 961 488075
b 694 75 430944
b 53 567 857888
a 1477 1026 334076
b 1718 865 862288
b 1347 828 574241
b 348 1704 455327
a 1693 1672 630373
a 1613 204 510838
a 521 1149 443135
a 1701 1206 754202
a 1313 1346 797318
b 1204 828 242225
b 436 381 803952
b 825 1072 170755
a 161 1564 938900
b 695 1624 7798
b 1117 1694 476327
a 204 710 642256
a 1826 892 230017
b 837 116 605240
a 1337 366 738904
a 1658 784 559284
a 1533 440 117379
b 1767 136 133418
b 1180 284 754552
b 32 676 648995
b 1569 756 585869
a 1643 1058 147075
b 1503 1607 352249
b 55 1686 742673
b 142 145 681171
a 1023 1736 318004
a 745 281 850961
a 651 1657 896946
b 1193 1071 888841
b 1403 223 297842
b 474 915 341235
a 1737 1184 162682
a 1357 1227 543268
b 1295 1123 447474
a 523 453 509586
b 654 1191 387806
b 1440 354 813334
a 705 1020 221158
a 1633 1273 260645
a 409 1803 85649
b 1551 477 385045
b 699 580 125124
b 1534 1356 260701
a 847 907 624647
a 1105 711 663507
a 1679 83 39103
b 1637 1774 328495
b 1074 1659 684916
b 729 520 893510
a 1655 613 81803
b 715 1636 412688
b 1601 594 66316
b 1211 637 859362
a 1477 1029 773532
b 1103 1267 882866
b 546 1415 272451
b 354 1114 196377
b 1253 327 106215
a 1275 705 744331
b 200 206 390606
a 286 1634 523936
a 1257 843 408607
a 978 230 436110
a 1208 421 420191
a 1718 587 259564
b 885 421 361015
b 202 739 545455
b 798 1864 959980
a 1519 16 870192
b 1434 1363 223461
a 504 500 339235
a 899 249 578280
b 1297 516 189600
b 1173 922 515548
b 299 1261 275420
a 854 1759 692999
a 1056 1735 81840
a 1372 1552 816208
b 1867 262 119504
b 256 434 167358
a 620 1749 768532
b 1568 1109 854390
a 1730 183 721074
b 47 502 365055
b 291 1418 804160
a 1027 1593 863232
b 62 574 849014
a 730 121 419904
a 839 1150 236329
a 728 784 965348
b 1743 1830 86992
a 932 1782 516532
a 1280 1312 46593
a 568 1 786709
a 1109 377 619316
a 1121 255 304975
a 1284 892 237438
b 1650 1280 204487
b 528 1355 21142
a 1530 183 527877
b 1481 250 93267
a 194 126 412142
b 254 252 359851
b 212 1501 186826
a 437 884 743156
b 203 1254 251838
b 881 1436 895526
a 287 39 171282
a 898 1531 701014
b 218 433 672236
a 844 550 180283
a 50 473 295058
b 1824 177 573739
a 1297 1648 290475
a 1753 872 225758
a 1816 1512 327101
a 1832 1560 719209
a 187 1197 429422
a 806 192 69059
a 1359 1572 182982
a 1528 1252 938883
b 379 1669 427755
a 1774 1064 905502
b 216 233 380387
b 560 1163 966573
b 172 772 362453
a 1564 38 186980
a 1072 35 332616
a 695 718 49563
b 1410 833 230497
b 1130 1037 90503
a 195 342 517991
a 1442 576 809537
b 1021 1268 603649
a 65 727 61
a 992 1705 195893
a 399 1839 526227
a 234 154 469995
b 580 1075 630713
a 1260 1526 443751
b 345 1284 209158
b 669 1514 432913
b 650 432 408111
b 1500 1364 856688
a 249 1312 379533
a 54 320 980969
b 1130 1261 452052
a 1246 406 195588
a 1114 615 653019
a 765 1598 266342
a 888 799 453146
a 1608 1223 952151
b 775 234 120166
b 1053 198 956732
b 1000 1390 228791
a 716 1368 207325
a 1556 124 170914
b 153 366 834976
b 1603 621 69022
a 1159 1221 36363
a 783 1007 831489
b 1428 1633 381508
a 1094 314 441922
b 713 719 492115
a 1845 627 419320
a 242 9 6238
b 964 1811 843930
a 1694 1072 921003
b 199 1272 575164
a 456 360 427361
b 696 945 654679
a 1493 302 20358
b 978 1376 934784
a 1117 274 200385
b 908 382 327854
a 1361 638 405336
b 553 1860 951480
b 591 426 175026
a 662 1439 939796
a 1445 758 289749
a 328 302 212184
a 883 164 659240
a 975 1289 567227
b 356 1617 54322
a 1394 1692 627028
a 1294 1357 143128
a 927 1093 15449
b 26 476 704673
b 1302 1032 503521
a 247 1632 533748
b 440 1032 728481
a 1330 1175 95768
a 1184 270 573809
a 1676 340 40242
a 1394 1486 993735
a 262 680 472202
b 238 1423 199674
b 333 544 897285
a 1810 154 835520
b 891 1550 489515
b 701 27 437039
a 1394 836 577889
b 827 1030 530110
a 62 787 300143
b 247 1182 675972
a 1758 1803 131578
a 1220 1750 615991
b 1119 337 601482
a 972 582 777901
a 289 1161 427589
a 1763 768 397022
b 1740 1694 158576
a 1254 1459 133279
a 1365 66 701940
a 1321 106 844839
b 489 262 171094
a 1175 1114 787980
b 493 1499 768189
b 477 1355 732934
b 1196 1831 731951
b 1379 529 515562
a 130 1158 5459
b 1219 1717 682991
a 460 1304 109935
a 1774 194 248236
a 1171 308 337386
b 522 224 103254
a 834 1253 882250
a 1854 303 790598
a 476 638 787190
b 981 790 374448
a 1257 454 770100
b 1605 50 46124
b 644 818 113899
b 1196 385 327472
a 1111 219 618914
a 1052 573 100498
b 1316 934 659838
b 1504 856 193610
a 1677 1110 580422
b 1504 341 493229
b 1000 449 886433
b 498 1559 29938
b 700 1386 207702
a 395 806 8239
a 435 985 561418
a 1545 648 277212
b 1030 395 663621
b 1256 1410 871438
a 338 814 964908
a 1743 671 974588
a 472 1701 527623
a 1019 799 420349
b 1796 1102 497659
a 1043 808 48711
b 29 684 922384
a 1391 1197 263280
a 185 1777 161451
b 272 1350 130991
b 1566 1096 374932
b 543 1289 711387
b 241 1857 676273
b 1406 727 892906
a 73 591 566792
a 1542 1451 403763
b 717 812 739327
b 386 82 340139
a 910 1064 783326
a 1494 1231 700714
b 1203 681 860171
b 1288 1468 488422
b 339 1227 234572
a 581 811 487350
b 915 1504 843784
b 1231 1532 24016
a 1553 682 974405
a 991 1861 848586
a 61 433 925802
b 1810 1300 695195
a 1604 173 184893
b 965 1708 461402
a 1168 621 56677
b 1730 1679 815037
b 988 1592 585576
b 995 1048 780890
b 997 1158 180398
a 532 849 26537
b 976 928 621051
a 247 923 366142
a 419 1593 221623
a 228 7 133330
b 537 411 359976
a 128 1275 743611
a 1136 420 825462
a 1718 1752 24303
b 176 751 301413
a 1476 30 148100
b 409 1319 380126
b 19 796 308593
b 656 1654 403429
a 1049 1519 347724
a 1263 1850 854690
a 1807 1702 681805
b 995 664 21980
a 1361 1714 429641
a 1140 1478 859833
a 1258 109 60344
a 503 1140 233022
b 171 1589 417967
a 539 1427 904084
b 1682 777 802340
a 37 398 165568
a 1178 134 983664
b 205 500 497000
a 1040 1788 160071
a 1390 814 194324
b 1861 861 23681
a 1264 1499 372970
a 625 4 63444
b 967 112 923824
a 86 954 383255
b 1145 218 854093
a 1498 1455 431871
a 991 1548 702535
a 1584 1665 228005
b 1699 298 663301
b 47 1142 948413
b 360 1103 393997
b 1650 369 314334
b 219 1057 158854
b 1461 593 513792
b 851 1 887542
b 1590 16 263417
a 1323 1861 49604
b 1173 178 114046
a 1765 348 64438
b 579 1550 611559
b 1530 1078 609075
a 1249 679 247658
a 422 1236 284930
b 1522 1680 713245
a 1855 876 615176
b 276 577 406392
b 169 1607 33420
a 1491 867 476496
a 1324 143 667766
b 1011 1672 588252
b 1082 907 930506
a 551 137 464114
a 810 501 62832
b 132 783 461834
b 1642 729 790447
a 1573 121 89465
b 619 1777 601260
a 204 1023 6262
b 1418 1501 508463
b 133 921 739992
a 256 795 239070
a 554 1709 338389
a 1592 1199 945598
b 1420 1142 604611
a 1304 1491 254008
b 834 1400 336090
b 946 1341 961169
b 1047 466 431407
b 1350 1777 160239
b 17 600 941945
b 1686 1137 434906
a 506 1206 52430
a 509 737 905336
b 1076 1276 386918
b 52 1334 116943
b 766 645 29910
a 567 1712 827782
b 1647 1534 510101
b 1196 346 512803
b 1126 1507 621178
b 1563 1136 854221
a 1741 614 161594
a 41 1789 749706
b 1138 1184 190253
b 1005 1093 101825
b 1123 418 936266
b 1527 691 586424
a 1633 1005 313446
b 1628 1269 566742
b 1764 109 688247
b 1676 1750 923361
a 962 1204 729174
b 75 172 348864
b 1690 769 124151
b 793 1276 896698
a 786 575 339762
a 410 589 554484
a 392 146 142141
b 1459 550 150646
b 647 242 566511
b 1300 778 440357
a 1835 214 25533
a 822 714 421704
b 500 921 172032
a 362 803 94983
a 675 431 646060
b 1357 1422 759270
b 1376 50 571800
a 1023 686 832142
b 1363 1708 633532
b 1481 390 35587
b 1497 1173 230381
b 1743 1797 466606
b 1455 792 28003
b 699 1286 245908
b 1874 55 665267
b 511 1221 32795
b 1708 1591 344147
b 1201 731 145867
a 292 434 797020
b 228 170 224266
b 1824 1448 866946
a 226 897 973406
b 1791 1158 8093
a 1782 510 628973
b 1779 406 275491
b 27 1784 704895
a 1246 1031 872811
a 474 1083 138490
a 1331 1147 786091
b 1488 1646 972068
a 1096 1653 316473
a 17 327 263908
b 1147 1324 985804
b 1780 351 229056
a 787 1453 475579
b 1591 570 857759
a 900 898 749308
a 734 1830 894856
b 1156 785 619749
a 299 1703 82080
b 561 259 786477
a 1009 825 551854
a 1008 1383 757227
a 820 1646 848665
a 370 149 15445
a 757 392 973799
a 704 1511 986498
a 868 1293 524992
a 1733 1776 209383
b 630 1557 839464
a 504 1018 169756
a 756 458 27015
a 69 908 589527
b 1665 12 981412
a 775 1114 79663
b 1185 1649 628580
a 1144 422 469914
a 1215 1640 88015
b 248 740 130350
a 142 1187 406922
a 1124 452 304610
b 63 323 810333
a 453 1669 57677
a 657 326 248558
b 797 678 330789
a 26 551 341954
b 509 1244 349824
a 418 1466 342722
b 419 1652 274070
a 258 1190 506931
a 1591 502 325116
a 1759 273 688892
a 1378 1275 372521
a 970 1746 885283
a 461 105 594739
b 1509 1747 20750
b 632 1443 906578
b 1621 1035 642821
b 70 738 538139
a 1700 1547 36782
a 21 1173 916421
b 1253 199 856783
b 135 701 500583
a 1232 1475 991951
a 249 320 138230
b 601 995 513460
a 150 494 963403
a 838 468 545573
b 1806 1389 135194
b 1540 371 475049
b 390 289 368059
b 11 1681 753381
a 670 987 347940
b 1712 1561 747936
a 816 837 998763
b 574 1499 651073
a 853 1846 977032
b 852 272 869135
a 114 246 874128
b 1600 1759 385135
b 1112 679 487418
a 1615 674 526184
a 951 1383 208412
a 593 1505 50978
a 892 1520 856878
a 1655 1360 184097
b 30 877 257477
a 1795 84 385101
b 175 1369 552216
b 1125 750 668781
b 1435 271 789502
b 1757 664 84967
a 348 274 60525
a 1398 1528 442880
b 1853 1756 738875
a 1387 1602 470881
b 579 578 778207
a 1302 1594 69583
b 571 1058 593392
b 1603 836 392624
a 1237 69 56548
b 1152 1653 69004
b 334 972 611794
b 1801 333 380361
a 531 1511 524655
b 645 739 252525
a 569 358 336467
b 1290 1184 264095
b 222 1748 120948
a 10 805 328741
b 1392 1144 956393
a 249 1317 932005
a 756 1790 567720
b 719 1538 888872
a 515 169 474311
a 1725 1396 838673
a 1286 378 549501
b 927 1517 270954
a 947 1721 331105
a 228 861 146647
a 1219 1758 631785
a 1569 918 551711
a 371 1497 426219
b 71 1776 45993
b 53 979 611294
a 1445 536 178043
b 1846 788 303513
a 377 86 311420
b 1669 782 75090
a 962 1263 171443
a 1867 1440 264096
a 1188 1373 959365
b 716 1670 117176
a 359 199 207034
a 1790 789 790963
b 95 43 291575
a 1775 1620 830149
b 668 206 557316
b 377 424 167749
a 123 506 91270
a 936 1582 362347
a 898 476 869957
a 1335 261 736332
a 1424 21 364390
a 1117 291 513824
b 870 1725 254513
a 148 1680 298683
a 193 854 173323
a 1303 803 23318
b 332 1648 912636
a 1250 765 975943
b 273 18 609898
b 506 188 532739
b 691 1099 530715
b 239 94 546466
a 1302 1368 992053
b 1378 579 723738
a 792 636 501440
b 272 519 695170
b 13 409 668066
b 1047 1759 892431
b 462 1766 47905
b 996 987 635482
b 395 1000 361828
a 116 1696 560279
a 1723 1468 28273
a 728 1644 735965
b 11 677 647343
a 1430 1325 638948
a 493 374 439460
b 1864 59 318209
a 1799 1221 583863
a 1828 528 225900
b 1539 205 850031
b 151 1357 504506
b 117 858 593329
b 1046 433 981538
b 217 1089 739140
a 1180 1725 93178
a 1487 320 218895
a 223 199 371130
b 1069 687 744409
b 1559 1755 841655
a 1220 848 587335
a 1582 110 924648
a 1243 413 516001
a 293 591 432035
b 584 10 955660
b 595 84 854496
a 631 1188 452047
b 1457 1585 493748
b 1183 53 871378
a 209 665 565462
a 1271 229 173658
a 1697 919 725341
a 366 860 470157
a 1867 1803 633663
b 1739 562 390323
b 536 965 246162
a 390 223 64049
a 1313 544 873358
a 1653 1033 988175
b 1555 513 478408
a 176 16 920499
b 1084 258 931831
a 1819 655 322659
a 1276 460 503537
a 529 1060 895941
a 999 66 119726
a 691 451 731105
b 1488 96 568067
a 909 865 557661
a 1415 678 329127
a 315 909 174463
b 548 1253 762288
a 1654 257 860206
b 362 466 897686
b 1813 166 20912
a 1605 699 326318
b 111 322 410732
a 82 823 3184
a 805 606 759081
b 921 538 817
b 1163 1868 873804
a 555 847 107751
a 1069 760 801116
a 120 789 692779
b 341 1453 118208
b 472 1605 585009
a 842 508 791422
b 412 500 410001
a 1166 1801 533758
a 77 1162 862785
a 8 1101 290116
a 268 1385 294296
b 1240 459 432696
a 542 912 496587
b 1825 244 136481
b 258 734 633394
b 776 553 147300
a 226 1683 351236
a 432 1341 75273
b 898 1645 150485
a 1647 345 73973
b 1660 720 354718
a 1772 342 874864
a 239 350 224756
b 559 1044 851103
a 1601 1585 176975
a 1769 1294 106378
b 1164 844 331460
a 1759 472 720983
a 292 1436 702537
a 452 263 398732
b 1566 1793 730551
b 306 738 740623
b 1393 1781 553602
b 116 451 30568
b 1510 747 57282
a 1148 712 604349
a 1760 712 863213
a 950 1706 314900
a 982 1733 284890
a 990 1608 439188
a 128 1181 909951
a 971 932 227651
a 729 196 344754
b 499 998 889736
a 96 336 919594
a 847 1045 892137
a 777 992 197054
b 1495 565 198285
b 1785 940 267108
b 1734 1305 631930
b 1337 74 984434
a 147 1617 269271
b 1056 45 450591
b 1373 589 905066
a 778 704 195074
a 590 823 140315
b 669 1163 580817
b 84 137 884846
a 1684 54 511203
a 1858 1603 950987
a 1657 1227 439213
a 853 1439 717689
b 916 611 278919
a 194 1609 871965
b 1673 498 686183
b 364 1800 394878
a 469 1635 857508
b 1 596 457412
b 1153 344 531508
b 164 473 238899
a 1204 1838 86125
a 887 608 901428
a 1234 358 757382
a 926 218 584652
a 1075 52 96086
a 575 1849 956897
b 1277 138 613523
b 409 826 828987
b 547 931 512403
a 568 249 950847
b 742 931 631694
b 949 9 715317
b 67 1089 928217
a 23 1198 98563
b 1378 1287 496875
b 163 1737 356911
b 869 1376 899290
b 1637 1322 886624
a 130 1775 282718
a 424 625 658780
a 480 531 694668
b 1320 311 188490
b 1596 1718 882715
b 1544 1295 213680
b 501 1230 545314
a 230 28 491189
a 1037 266 914006
a 862 1792 176671
b 1388 105 439504
a 1464 315 786965
a 586 889 718404
a 1493 1807 872477
b 212 572 93898
b 1241 1838 585886
a 1321 904 854168
a 1461 271 36638
b 1510 810 78340
a 1104 1511 835333
a 575 1046 326470
a 1173 107 520151
a 1665 229 433715
b 1500 366 995708
a 349 415 29826
b 364 837 816443
b 683 1391 176585
a 879 144 849081
b 15 1030 311808
b 1276 572 807742
b 554 748 266748
b 1563 541 796783
b 844 651 348020
b 576 1584 950804
b 1172 1274 443647
b 721 753 53458
b 605 1255 527827
b 759 1871 588849
b 378 398 508358
a 418 220 476246
a 1291 1774 303631
b 529 135 408329
a 1366 165 341061
b 563 120 942896
a 18 339 302686
a 1841 35 369233
b 332 157 590065
b 181 1764 382546
a 1278 775 905011
a 1684 1649 450235
b 1491 1015 255868
b 1826 134 745714
a 1741 1722 217602
a 387 1861 333693
b 332 1669 147740
a 1365 1168 67
a 1396 1212 25600
a 698 19 819594
a 1324 1640 346436
b 1387 1062 261625
b 611 1806 6751
a 1229 997 484310
a 1511 478 652904
a 1734 1496 861320
a 756 1408 776469
b 1258 1772 919381
a 984 1058 213564
a 937 755 743204
b 1652 122 790548
b 1346 951 923132
b 1812 811 903604
a 1387 1537 430210
a 1086 1236 864530
b 1225 1736 3197
b 1561 266 14533
a 716 474 528405
b 429 460 679362
b 635 944 525966
b 248 194 367202
b 1585 1520 982608
a 1326 934 606041
a 1533 1486 135330
b 972 1211 560830
b 1207 1565 807273
b 1443 404 980297
b 822 82 752365
a 1732 4 891407
a 634 79 649492
b 499 1851 578056
a 1777 1273 876643
a 1310 245 512072
b 793 1283 86915
a 365 1161 215496
a 333 1278 484409
b 1554 1546 570014
b 1635 397 815339
b 1103 564 240575
a 1314 1665 137185
a 969 239 162371
a 380 35 793217
b 995 1097 335136
b 1471 736 342097
b 709 1744 971373
b 157 239 746680
b 1426 175 105439
a 660 785 82620
b 1826 548 600078
b 1841 1355 321604
a 1746 184 507505
a 196 1168 465110
a 1306 925 511708
b 668 1820 399961
b 811 841 42376
b 1430 1368 456979
b 476 1417 329546
a 409 1054 156203
a 443 256 197530
a 842 147 532391
b 393 1750 531405
b 1791 1623 990894
a 8 754 952922
b 1145 3 379079
a 702 172 84247
b 253 207 108439
a 1044 851 507388
a 1058 552 452005
b 1009 1036 336862
a 873 484 191512
a 371 1320 311988
b 950 1303 364343
b 133 1198 374356
b 744 589 732007
a 1829 752 845174
b 359 142 122352
b 663 1690 154735
b 225 1872 665335
b 692 239 578678
b 1822 1782 704452
a 194 1796 13922
a 1582 152 812156
b 834 965 481321
a 1416 222 566759
a 6 384 723937
a 542 760 903211
b 1327 277 479490
b 447 960 875790
a 557 1666 571425
a 1772 715 950774
a 1005 1312 601333
b 190 466 771435
a 1213 905 946772
a 172 1155 575763
a 272 590 810870
b 956 1281 915444
a 902 1539 412208
b 1869 953 764597
a 1138 194 329209
b 1061 435 262236
a 1610 1484 980647
a 1704 967 559248
b 474 191 748914
a 1174 1244 581143
a 1729 1490 152687
b 1333 658 461528
a 86 49 471958
b 112 1414 553433
b 692 115 787067
b 1547 1761 926785
a 1700 63 459351
b 1740 289 426710
b 921 24 54144
b 1557 1542 397887
a 111 311 166251
b 582 1172 315011
b 1614 693 696048
a 1438 434 275143
b 818 788 765893
b 434 259 615378
a 1070 422 992193
b 130 940 985804
b 948 1378 269017
a 1516 1509 490361
a 1044 149 487525
b 1684 998 513154
b 129 801 633052
b 459 1515 87147
a 399 806 269906
b 1141 120 400477
a 906 1076 997888
b 1101 1078 469788
a 250 1740 433211
b 151 12 318225
a 1272 1331 337339
b 174 57 497089
b 787 133 885653
a 127 1800 650002
a 1847 316 552191
b 719 1500 269964
b 1140 331 21522
b 261 1653 611221
a 366 1435 966146
a 1271 124 587699
a 1274 60 395559
a 878 75 613708
b 1550 130 296247
b 1131 269 733928
b 910 772 998345
a 1219 620 618669
b 1416 1117 839635
b 318 1419 702753
a 467 1482 164715
b 563 448 234411
a 1470 663 293576
b 1214 1015 625937
b 1442 175 193729
b 1293 938 958458
b 192 1326 5964
a 763 419 214125
b 947 1603 833151
b 1823 742 623247
a 153 419 677649
b 764 630 402279
b 1271 1062 818457
a 204 82 222428
a 590 7 57101
a 1472 1405 243188
b 6 1454 953668
a 1758 1010 82199
b 516 1811 696243
a 244 860 501257
b 437 100 27634
b 1318 888 95858
b 436 1765 751607
a 1437 769 441561
b 445 1850 143897
b 1103 178 126883
b 328 1366 995406
a 1441 807 601304
a 722 1269 714412
b 1271 374 772509
b 1651 1258 279914
b 717 1090 927930
b 1796 1551 456287
a 1569 139 215445
a 1726 1223 80577
a 1082 1164 813939
a 895 1330 24806
a 1040 1117 403005
a 69 1795 852934
a 644 81 593912
b 1451 683 118134
b 1693 534 47434
a 175 515 17325
a 1018 139 99579
b 490 273 225601
b 498 1767 732593
b 53 1829 749738
b 1352 1604 196018
a 1820 422 666045
b 1421 918 792805
b 1063 1292 52721
a 1733 859 428880
b 1395 1561 960797
a 1090 1576 999386
b 1720 436 509302
b 104 1052 279625
b 1047 800 924053
a 614 1722 676356
a 721 409 453102
b 119 1395 559761
a 1418 1158 345177
b 1281 136 611032
b 1326 672 143180
b 1776 418 692829
b 968 901 552285
a 75 494 525384
b 802 1241 955332
b 1659 317 638751
b 485 592 957654
b 1441 803 547978
a 1700 1663 11146
a 1714 1215 499469
b 1792 426 631158
b 1345 495 68560
b 1235 311 860754
a 367 1592 215706
a 479 1551 615795
b 1853 744 535120
a 1105 1140 380112
a 1733 1018 985018
b 624 1635 483008
b 701 1738 897789
b 242 603 436729
a 314 37 320033
b 1554 51 181713
a 198 1755 572236
b 662 1080 782335
a 1734 351 344324
a 1766 1475 464410
b 1281 1391 196271
b 242 1410 865880
b 1004 306 320661
b 1142 376 970256
b 253 644 290908
b 1800 1299 839991
b 1375 89 648586
b 1215 1599 380901
b 1318 109 656709
a 1462 1743 845712
b 653 328 708629
a 910 789 659215
a 557 1542 556576
b 1463 1366 329752
b 1701 1549 25132
b 1272 1005 796737
b 582 1653 469920
b 116 1628 899073
b 1128 323 341123
a 1326 1863 950767
a 520 645 83834
b 1582 430 653825
a 535 1199 621132
b 1746 958 791117
a 960 1150 380064
a 496 728 128522
a 358 1353 782268
a 1470 194 747343
a 1352 889 845511
a 340 446 965906
a 390 696 847304
b 311 921 249130
a 178 1788 664868
a 1500 1584 946508
a 420 80 82339
b 206 1211 255248
b 1646 1427 775146
b 711 1098 739245
b 1180 565 209344
a 508 30 256375
b 1058 968 448845
a 1422 581 246503
a 1083 1175 31382
b 212 479 491602
a 1656 1300 220097
a 770 1219 347568
b 1330 397 847830
b 976 1852 587605
b 400 847 790394
b 360 1110 564922
b 510 677 877045
b 1037 1499 933365
b 301 866 866733
a 856 1122 659259
b 943 1665 76008
a 370 976 712164
a 738 855 981516
a 1537 513 498214
a 675 1633 821217
a 525 1612 595096
a 615 1844 608141
a 1188 384 629615
b 45 363 243478
a 921 1457 697219
b 1313 1428 285731
b 1443 809 541003
b 546 722 330938
b 262 1456 343771
a 1706 301 800386
b 1807 1428 372460
b 1007 526 952769
a 1829 1816 478867
a 1789 977 533982
b 617 1243 869512
b 13 1843 797472
a 1417 1781 348192
b 649 1682 471724
a 1237 1382 544850
a 292 73 722761
a 878 177 569844
b 866 1514 435550
b 1450 1865 264317
b 1463 204 415474
a 962 461 745541
a 1311 337 204650
b 957 568 671360
a 521 1134 700237
b 277 737 971973
b 993 1497 431939
a 414 1486 30796
a 1802 1494 16912
a 771 469 235114
b 1273 1761 988637
b 1176 1533 867734
b 375 1602 281838
b 1772 631 467111
a 290 955 722220
a 388 1821 469843
b 413 468 107548
a 593 1069 575152
a 882 1809 803812
b 1346 737 290166
a 990 1348 86156
a 768 1069 664058
a 855 1063 566394
a 1621 89 147506
a 1163 688 402868
b 105 1660 427255
a 1310 1229 998816
b 1554 227 486910
a 967 1153 899462
a 329 706 731677
b 536 522 178444
b 59 895 628427
a 784 1653 165112
a 715 1221 995358
a 434 1082 770161
a 731 287 992846
b 1339 1816 258621
b 1161 1016 510128
b 89 755 973059
b 143 1307 260732
a 863 772 123273
a 538 4 380294
b 1241 587 671990
b 1717 559 593927
a 1552 1355 80721
b 1529 1009 837077
b 1127 1546 966271
a 1528 416 842981
a 1327 1589 353351
a 713 234 670799
a 1370 1699 681232
b 747 1312 726601
a 959 773 494113
a 30 909 33130
b 736 476 285279
a 547 1711 218663
b 745 1389 945106
a 794 972 7384
b 1675 31 892639
b 983 1271 615092
a 125 1635 53454
a 1227 1661 329807
b 1176 108 729348
b 359 1158 395170
a 1840 469 530569
b 1244 1637 379714
b 1343 1537 10562
b 1547 501 309223
a 1553 1583 736119
a 789 1602 648613
a 1352 297 152078
b 1076 332 3829
a 1408 1008 299980
a 917 826 858029
b 29 1028 360474
a 189 1619 117890
b 1000 1812 601597
a 866 1063 828748
a 1452 1718 240284
b 1379 406 163073
b 706 1669 851517
b 1631 211 69304
a 1857 295 122375
b 183 513 580007
a 1320 1249 51008
b 735 301 505764
b 868 653 3535
b 519 49 302246
a 585 404 84794
b 442 1431 835588
b 1423 1064 386344
a 1232 732 866356
b 718 1847 354591
a 681 1213 403212
b 1352 1791 581702
a 11 1196 945859
a 857 968 205731
b 141 23 762160
a 253 990 465437
a 242 877 754569
b 1053 17 753531
b 781 879 572901
a 1240 1135 539362
b 533 815 671865
b 1469 898 434778
a 1365 1675 350749
b 1638 386 25416
a 1225 735 860871
b 758 1593 948531
b 1202 277 222094
b 643 1175 674819
a 1210 99 904680
b 1156 179 385980
b 1463 1120 231211
b 695 1227 565191
b 204 1529 329102
a 367 390 207849
b 1032 1460 705256
a 1361 734 824264
a 1833 379 764015
b 1250 1824 206956
a 1314 801 61881
a 256 1658 915642
b 1591 649 967998
b 1729 309 758842
a 170 476 191378
b 1684 1269 4818
a 66 47 473838
b 584 607 856200
a 334 999 870888
b 582 575 58819
b 648 1778 845750
a 1805 646 829513
a 1541 899 808302
b 1121 547 892352
a 1501 630 766471
b 1752 574 75505
a 556 734 295256
a 2 481 333119
a 1519 1159 60950
a 1369 928 587636
a 695 1580 56794
a 1636 1192 534964
b 980 845 318040
a 1720 926 101574
a 1185 1105 366952
b 645 1457 50065
b 526 1722 768896
a 235 52 889051
b 911 268 374198
a 433 1561 394123
a 1037 1769 733249
b 892 559 138728
b 1241 871 332280
b 1115 1240 355415
b 745 966 42258
a 21 227 681248
b 1066 1295 907555
b 100 1685 147112
a 1832 1055 465572
b 278 1435 242806
a 1671 1730 182506
b 1525 798 680946
a 1483 1578 543084
b 245 701 702880
a 1128 942 426049
b 1651 1816 596265
a 904 697 60383
b 436 277 533330
a 1524 728 567708
a 392 850 345025
b 691 768 130607
b 327 207 704638
b 510 1678 574127
b 1367 870 223279
a 1283 986 819346
a 631 438 909849
a 1099 1172 844847
b 1006 1415 781285
a 783 1623 335547
a 486 752 920536
a 466 1408 537998
b 1074 1282 248089
b 68 1869 777886
a 1100 534 172206
a 483 1770 957826
a 714 1739 170814
a 1302 1828 447536
a 1438 289 156879
b 1402 1188 323070
b 1442 424 580040
a 62 1628 864547
b 1123 1276 775791
b 522 1218 748662
a 1364 727 797995
b 37 548 353581
a 437 1495 267202
b 988 1389 839774
a 414 810 64603
a 775 1194 222144
b 127 1551 812221
a 1265 1261 55530
a 1622 718 205261
b 1295 1702 750098
b 762 550 333138
b 978 1206 572367
a 6 1653 465780
a 1866 1306 214934
b 1729 554 214071
b 1709 907 60287
b 1434 183 668803
a 1116 1670 458817
a 147 1413 568927
a 1284 877 467440
b 1212 1828 913072
a 700 733 874373
b 678 1793 847550
b 286 1524 745557
a 742 397 389678
a 1511 1279 816216
a 802 778 911368
b 1138 9 601250
b 408 1424 396594
a 1109 148 355756
a 506 1227 252786
b 1841 316 651724
b 916 1739 910318
a 615 554 391223
a 1168 922 568238
a 84 1543 457413
a 1524 1072 532696
b 138 1715 131116
b 1366 933 319346
a 1485 459 244291
a 1048 143 939299
a 1757 868 189759
a 692 1635 390257
a 31 704 504888
b 100 566 899202
b 1284 1017 928037
a 15 951 128671
b 1829 27 931802
a 814 867 426348
a 1116 12 955280
a 1038 1385 742896
a 1795 297 816796
a 955 1837 260370
a 6 259 724854
a 366 1550 588120
a 278 1565 197683
b 1733 1266 635241
b 1168 854 948873
b 781 1082 678475
b 1687 408 204049
b 1526 1610 440230
b 1289 1785 662975
a 1486 1170 150974
a 392 1620 913963
b 285 536 701371
a 512 41 218572
b 1526 1274 549604
a 212 1176 321462
b 1557 628 971998
b 585 1104 73698
b 405 9 1009
a 514 1288 283109
b 1673 1003 557186
a 1651 130 156342
a 1318 1680 605721
b 1078 1772 858028
a 115 1690 264667
a 181 1515 479869
a 486 639 443984
a 1027 298 727295
a 1508 1061 571422
a 217 421 86058
a 953 504 51275
b 1320 55 261522
a 695 1464 921341
b 1304 673 732144
b 984 886 256828
b 1787 527 55514
a 1208 444 156270
b 843 243 693317
b 1694 868 945369
b 607 1653 378250
b 988 1291 879332
b 1078 423 513501
b 1251 282 269525
b 1717 1614 649045
a 356 291 765267
b 200 1827 37866
a 1144 571 183588
b 1238 1573 660209
b 427 1818 890927
b 856 519 128866
b 1560 269 362938
a 766 841 491153
b 1617 88 338028
b 153 237 878711
b 169 1345 298059
a 1195 1408 584298
b 1544 1733 274302
b 346 1078 141919
b 1228 449 600844
a 1205 1329 69166
a 455 1411 553946
a 1047 376 652749
b 482 1552 485487
b 1183 894 792595
b 824 809 166451
a 1480 1549 410293
a 730 235 508970
a 1445 867 209035
b 1297 1329 955708
a 1310 286 745803
b 1416 556 849776
a 1811 237 243724
b 1410 429 952876
b 906 342 602884
b 1152 547 89717
b 1728 1630 69321
b 682 1168 652468
a 59 1765 273171
b 860 1507 204398
a 543 1325 401910
a 668 314 75785
a 594 810 397483
a 1155 1048 29197
a 1761 815 178568
b 547 1140 961184
b 1681 1411 437826
a 1813 312 477448
b 253 884 220785
a 1709 60 772587
a 16 514 442443
a 972 503 648017
a 1043 1400 324583
a 131 474 985184
a 180 270 974587
b 301 1483 29278
b 1657 1178 162717
b 1448 1718 477170
a 1790 583 815236
b 1451 1620 565474
b 154 1386 301127
a 748 521 503253
b 1205 168 653211
a 673 1762 91345
a 1444 260 546393
b 1586 1325 358141
b 200 482 441269
b 1548 1648 444960
a 245 194 904071
a 1215 1683 914911
b 1309 1563 824709
a 672 8 926529
a 1763 1572 146822
a 1020 1677 300782
a 1593 505 127999
a 158 646 221098
a 1253 464 407304
b 885 1845 314781
b 719 257 640663
a 1392 1243 934350
b 120 1445 410627
b 492 1314 809058
b 835 1003 592002
a 165 566 95841
b 5 1421 371434
b 1269 742 663152
a 830 917 555890
b 1272 35 691415
a 804 882 475377
a 7 431 487867
b 407 691 471709
a 189 1817 275748
a 44 1496 961996
a 482 67 833848
b 1654 979 135733
a 1035 1540 345149
a 440 221 164719
b 1204 518 87193
b 1637 1089 280304
a 1345 688 142932
a 64 820 167631
a 1462 626 264788
a 1423 476 302914
b 1226 256 459103
b 1309 807 384095
b 399 1719 559900
a 1062 306 361437
a 128 1796 112209
a 560 1190 870162
a 1488 268 107621
a 1301 1515 426038
b 1384 336 599262
a 1849 709 381534
a 1079 913 981283
b 872 913 193858
b 1665 362 221370
b 533 1022 897783
b 167 1526 192202
a 687 4 444020
b 1427 650 87450
a 471 267 371599
a 179 1809 371343
a 1571 1571 403775
a 321 398 251440
a 851 859 187035
b 1377 540 406629
a 1023 172 633369
b 1440 452 198450
a 1030 1762 983632
b 1660 1844 781887
b 331 165 377718
a 652 1741 504787
b 1063 1138 844769
b 35 809 53075
b 330 586 147208
a 1610 917 131399
a 299 31 791234
b 377 1563 285972
b 303 1417 644357
a 969 1798 604162
a 1288 819 16871
a 612 546 897143
a 1228 1096 750943
b 1434 308 283640
b 1315 9 759428
b 1072 1376 474862
a 1632 1716 173452
a 279 302 536478
a 945 1837 329166
b 494 1398 947759
a 14 1421 234111
b 1712 1594 344167
a 528 201 291575
b 156 1444 803564
b 421 1157 824556
b 1165 750 508486
b 575 1509 800181
a 838 1688 767067
a 264 1455 600647
b 999 510 538801
a 1024 1505 224507
b 918 852 285487
a 1755 1646 926789
a 1292 682 80283
b 938 552 18941
a 1553 576 952348
a 418 522 764121
b 404 1627 946361
a 628 456 297327
a 574 1653 287831
b 362 802 187254
a 1514 820 69757
a 1181 1458 474501
a 122 963 741714
b 882 846 613394
a 847 907 354653
a 918 539 306420
a 799 1568 30723
b 137 264 690144
a 1064 1801 712587
a 203 1466 128046
b 6 1562 917533
a 1550 1515 610837
b 846 673 386621
a 1851 1775 469929
b 410 915 97044
b 1537 1609 766243
a 1799 87 238182
a 190 897 474200
b 39 283 922652
b 801 453 403391
b 889 1362 974459
b 827 856 238703
b 752 775 894825
a 306 240 965534
b 675 1817 516974
a 207 1441 476899
b 320 209 666800
b 743 1531 263091
a 252 1292 91829
b 454 279 432934
a 399 271 845859
b 895 371 252658
a 913 1315 539330
a 263 794 143406
a 1372 1601 4024
b 1800 1560 120399
b 43 1782 60427
b 27 1847 595949
a 1852 1537 265250
a 1056 1259 867903
b 454 1539 711491
b 1429 1133 8153
a 1604 1090 729493
a 893 430 348404
b 1 653 197598
b 311 416 975717
a 1134 380 586373
a 1583 989 412644
b 943 290 396240
b 1206 1242 642438
b 549 761 440999
b 1605 64 903041
a 2 1422 605454
b 891 1056 162414
b 1452 361 982061
a 730 1699 278593
b 1253 371 658315
a 998 901 298130
b 1115 750 473997
a 579 1531 267544
a 374 992 877690
a 1442 1453 912231
b 589 109 684410
a 1464 596 797560
a 1056 953 516945
a 1636 853 295328
b 326 1408 86888
a 230 1568 487958
b 914 307 723715
b 510 1423 148721
b 913 1566 120843
b 1596 803 197991
b 1728 697 725061
b 521 42 236494
a 663 854 621335
a 1275 923 353118
b 1246 1362 268553
b 1758 608 607019
a 1373 727 172161
b 21 385 741230
a 270 187 662789
