100 6875
b 51 68 201552
b 98 58 8430
a 31 8 724442
b 47 91 689664
a 88 22 170553
b 92 19 652870
b 1 40 841939
a 83 32 807287
b 15 65 283696
a 20 93 24361
b 81 87 182966
a 24 41 842260
b 26 37 17259
a 57 25 317325
a 88 45 263990
a 67 41 436235
b 54 10 36381
a 8 11 429221
a 90 14 625351
b 27 54 877521
a 70 27 299258
b 5 23 627301
a 10 13 45725
b 18 30 41241
b 35 70 977847
a 28 29 518722
b 5 8 638573
b 49 35 585239
a 1 21 329350
a 92 49 635950
b 83 85 230761
a 3 47 523327
a 52 46 58781
b 81 31 401567
a 59 18 554823
b 17 67 920901
a 11 95 761135
a 5 75 146119
a 10 61 113658
b 27 15 340061
a 31 41 708656
a 46 4 319388
a 95 99 27894
a 44 99 735100
b 59 4 44756
a 81 36 530513
b 96 96 258415
b 73 67 112468
a 64 64 824783
b 41 89 713179
b 11 8 28058
b 14 19 837723
a 62 65 571414
b 99 76 923436
a 96 7 124777
b 54 79 376580
a 96 11 999195
b 43 25 660537
a 44 21 449682
a 10 26 368323
b 95 6 443028
a 44 76 132855
a 15 57 518856
b 90 58 314956
a 43 10 485940
b 87 89 16281
b 49 21 331775
a 97 37 448660
b 15 78 136751
b 63 84 641747
b 9 19 338923
a 64 5 577677
b 8 88 620537
b 46 37 778073
a 8 49 209792
a 63 28 967277
b 90 78 691399
a 94 32 196767
b 53 33 931571
b 1 11 138471
b 8 41 265099
a 23 77 429466
a 85 44 297271
a 79 6 482735
a 87 69 149243
a 67 39 359741
a 96 3 969791
b 17 33 116793
a 83 18 427658
b 24 3 72955
a 10 32 879105
b 74 96 314234
a 83 40 710828
b 94 26 903754
a 66 92 611440
b 7 67 864740
a 28 91 675669
b 74 6 187229
b 84 2 391041
a 87 78 501485
