20 2
20
0
0 100
0
0 100
2 1 2
0 100
2 1 2
0 100
2 3 4
0 100
2 3 4
0 100
2 5 6
0 100
2 5 6
0 100
2 7 8
0 100
2 7 8
0 100
2 9 10
0 100
2 9 10
0 100
2 11 12
0 100
2 11 12
0 100
2 13 14
0 100
2 13 14
0 100
2 15 16
0 100
2 15 16
0 100
2 17 18
0 100
2 17 18
0 100
20
0
0 100
0
0 100
2 1 2
0 100
2 1 2
0 100
2 3 4
0 100
2 3 4
0 100
2 5 6
0 100
2 5 6
0 100
2 7 8
0 100
2 7 8
0 100
2 9 10
0 100
2 9 10
0 100
2 11 12
0 100
2 11 12
0 100
2 13 14
0 100
2 13 14
0 100
2 15 16
0 100
2 15 16
0 100
2 17 18
0 100
2 17 18
0 100
20
0
0 100
0
0 100
2 1 2
0 100
2 1 2
0 100
2 3 4
0 100
2 3 4
0 100
2 5 6
0 100
2 5 6
0 100
2 7 8
0 100
2 7 8
0 100
2 9 10
0 100
2 9 10
0 100
2 11 12
0 100
2 11 12
0 100
2 13 14
0 100
2 13 14
0 100
2 15 16
0 100
2 15 16
0 100
2 17 18
1 1
2 17 18
1 2
20
0
0 100
0
0 100
2 1 2
0 100
2 1 2
0 100
2 3 4
0 100
2 3 4
0 100
2 5 6
0 100
2 5 6
0 100
2 7 8
0 100
2 7 8
0 100
2 9 10
0 100
2 9 10
0 100
2 11 12
0 100
2 11 12
0 100
2 13 14
0 100
2 13 14
0 100
2 15 16
0 100
2 15 16
0 100
2 17 18
1 1
2 17 18
1 2
20
0
0 100
0
0 100
2 1 2
0 100
2 1 2
0 100
2 3 4
0 100
2 3 4
0 100
2 5 6
0 100
2 5 6
0 100
2 7 8
0 100
2 7 8
0 100
2 9 10
0 100
2 9 10
0 100
2 11 12
0 100
2 11 12
0 100
2 13 14
0 100
2 13 14
0 100
2 15 16
0 100
2 15 16
0 100
2 17 18
1 3
2 17 18
1 4
20
0
0 100
0
0 100
2 1 2
0 100
2 1 2
0 100
2 3 4
0 100
2 3 4
0 100
2 5 6
0 100
2 5 6
0 100
2 7 8
0 100
2 7 8
0 100
2 9 10
0 100
2 9 10
0 100
2 11 12
0 100
2 11 12
0 100
2 13 14
0 100
2 13 14
0 100
2 15 16
0 100
2 15 16
0 100
2 17 18
1 3
2 17 18
1 4
20
0
0 100
0
0 100
2 1 2
0 100
2 1 2
0 100
2 3 4
0 100
2 3 4
0 100
2 5 6
0 100
2 5 6
0 100
2 7 8
0 100
2 7 8
0 100
2 9 10
0 100
2 9 10
0 100
2 11 12
0 100
2 11 12
0 100
2 13 14
0 100
2 13 14
0 100
2 15 16
0 100
2 15 16
0 100
2 17 18
1 5
2 17 18
1 6
20
0
0 100
0
0 100
2 1 2
0 100
2 1 2
0 100
2 3 4
0 100
2 3 4
0 100
2 5 6
0 100
2 5 6
0 100
2 7 8
0 100
2 7 8
0 100
2 9 10
0 100
2 9 10
0 100
2 11 12
0 100
2 11 12
0 100
2 13 14
0 100
2 13 14
0 100
2 15 16
0 100
2 15 16
0 100
2 17 18
1 5
2 17 18
1 6
20
0
0 100
0
0 100
2 1 2
0 100
2 1 2
0 100
2 3 4
0 100
2 3 4
0 100
2 5 6
0 100
2 5 6
0 100
2 7 8
0 100
2 7 8
0 100
2 9 10
0 100
2 9 10
0 100
2 11 12
0 100
2 11 12
0 100
2 13 14
0 100
2 13 14
0 100
2 15 16
0 100
2 15 16
0 100
2 17 18
1 7
2 17 18
1 8
20
0
0 100
0
0 100
2 1 2
0 100
2 1 2
0 100
2 3 4
0 100
2 3 4
0 100
2 5 6
0 100
2 5 6
0 100
2 7 8
0 100
2 7 8
0 100
2 9 10
0 100
2 9 10
0 100
2 11 12
0 100
2 11 12
0 100
2 13 14
0 100
2 13 14
0 100
2 15 16
0 100
2 15 16
0 100
2 17 18
1 7
2 17 18
1 8
20
0
0 100
0
0 100
2 1 2
0 100
2 1 2
0 100
2 3 4
0 100
2 3 4
0 100
2 5 6
0 100
2 5 6
0 100
2 7 8
0 100
2 7 8
0 100
2 9 10
0 100
2 9 10
0 100
2 11 12
0 100
2 11 12
0 100
2 13 14
0 100
2 13 14
0 100
2 15 16
0 100
2 15 16
0 100
2 17 18
1 9
2 17 18
1 10
20
0
0 100
0
0 100
2 1 2
0 100
2 1 2
0 100
2 3 4
0 100
2 3 4
0 100
2 5 6
0 100
2 5 6
0 100
2 7 8
0 100
2 7 8
0 100
2 9 10
0 100
2 9 10
0 100
2 11 12
0 100
2 11 12
0 100
2 13 14
0 100
2 13 14
0 100
2 15 16
0 100
2 15 16
0 100
2 17 18
1 9
2 17 18
1 10
20
0
0 100
0
0 100
2 1 2
0 100
2 1 2
0 100
2 3 4
0 100
2 3 4
0 100
2 5 6
0 100
2 5 6
0 100
2 7 8
0 100
2 7 8
0 100
2 9 10
0 100
2 9 10
0 100
2 11 12
0 100
2 11 12
0 100
2 13 14
0 100
2 13 14
0 100
2 15 16
0 100
2 15 16
0 100
2 17 18
1 11
2 17 18
1 12
20
0
0 100
0
0 100
2 1 2
0 100
2 1 2
0 100
2 3 4
0 100
2 3 4
0 100
2 5 6
0 100
2 5 6
0 100
2 7 8
0 100
2 7 8
0 100
2 9 10
0 100
2 9 10
0 100
2 11 12
0 100
2 11 12
0 100
2 13 14
0 100
2 13 14
0 100
2 15 16
0 100
2 15 16
0 100
2 17 18
1 11
2 17 18
1 12
20
0
0 100
0
0 100
2 1 2
0 100
2 1 2
0 100
2 3 4
0 100
2 3 4
0 100
2 5 6
0 100
2 5 6
0 100
2 7 8
0 100
2 7 8
0 100
2 9 10
0 100
2 9 10
0 100
2 11 12
0 100
2 11 12
0 100
2 13 14
0 100
2 13 14
0 100
2 15 16
0 100
2 15 16
0 100
2 17 18
1 13
2 17 18
1 14
20
0
0 100
0
0 100
2 1 2
0 100
2 1 2
0 100
2 3 4
0 100
2 3 4
0 100
2 5 6
0 100
2 5 6
0 100
2 7 8
0 100
2 7 8
0 100
2 9 10
0 100
2 9 10
0 100
2 11 12
0 100
2 11 12
0 100
2 13 14
0 100
2 13 14
0 100
2 15 16
0 100
2 15 16
0 100
2 17 18
1 13
2 17 18
1 14
20
0
0 100
0
0 100
2 1 2
0 100
2 1 2
0 100
2 3 4
0 100
2 3 4
0 100
2 5 6
0 100
2 5 6
0 100
2 7 8
0 100
2 7 8
0 100
2 9 10
0 100
2 9 10
0 100
2 11 12
0 100
2 11 12
0 100
2 13 14
0 100
2 13 14
0 100
2 15 16
0 100
2 15 16
0 100
2 17 18
1 15
2 17 18
1 16
20
0
0 100
0
0 100
2 1 2
0 100
2 1 2
0 100
2 3 4
0 100
2 3 4
0 100
2 5 6
0 100
2 5 6
0 100
2 7 8
0 100
2 7 8
0 100
2 9 10
0 100
2 9 10
0 100
2 11 12
0 100
2 11 12
0 100
2 13 14
0 100
2 13 14
0 100
2 15 16
0 100
2 15 16
0 100
2 17 18
1 15
2 17 18
1 16
20
0
0 100
0
0 100
2 1 2
0 100
2 1 2
0 100
2 3 4
0 100
2 3 4
0 100
2 5 6
0 100
2 5 6
0 100
2 7 8
0 100
2 7 8
0 100
2 9 10
0 100
2 9 10
0 100
2 11 12
0 100
2 11 12
0 100
2 13 14
0 100
2 13 14
0 100
2 15 16
0 100
2 15 16
0 100
2 17 18
1 17
2 17 18
1 18
20
0
0 100
0
0 100
2 1 2
0 100
2 1 2
0 100
2 3 4
0 100
2 3 4
0 100
2 5 6
0 100
2 5 6
0 100
2 7 8
0 100
2 7 8
0 100
2 9 10
0 100
2 9 10
0 100
2 11 12
0 100
2 11 12
0 100
2 13 14
0 100
2 13 14
0 100
2 15 16
0 100
2 15 16
0 100
2 17 18
1 17
2 17 18
1 18
19
20
