10 10
9
3 2 7 9
1 4
1 4
1 8
3 2 4 7
1 4
0
1 10
3 2 4 7
1 4
4 1 2 4 5
1 10
1 9
0 789
3 4 5 6
1 5
2 2 4
0 628
6
1 4
0 551
1 6
1 6
1 4
1 9
0
1 5
1 6
0 736
0
1 4
9
1 2
0 69
1 6
1 4
0
1 4
2 2 8
0 103
3 1 2 8
0 970
0
0 410
2 2 5
0 974
0
0 772
6 2 3 4 5 6 8
1 10
4
2 2 4
0 548
0
0 133
1 4
0 564
0
0 834
4
0
1 4
0
1 4
1 1
1 4
1 1
1 10
8
1 6
1 5
0
0 158
1 5
0 979
0
1 10
0
1 8
1 5
1 5
2 1 6
0 690
5 1 2 5 6 7
0 185
1
0
0 661
10
0
1 4
1 4
1 10
3 5 7 8
1 4
1 1
0 152
2 1 4
0 426
4 3 4 5 8
0 997
1 4
0 728
3 2 5 7
0 910
5 2 3 4 7 8
1 4
0
0 606
10
2 4 5
1 1
3 3 5 10
1 10
0
1 10
0
1 1
1 3
0 953
3 1 5 10
0 297
3 1 5 6
1 1
3 2 5 7
1 10
5 2 4 5 7 8
1 8
1 4
0 207
6
1 5
0 538
0
0 653
1 4
0 779
0
0 210
0
0 279
3 2 4 5
0 703
7
5
8
9
6
7
1
2
2
3
