999980127
998362835
1000000001
999999859
999999961
999999996
999976685
999980491
999970807
999987669
999998141
1000000003
1000000004
1000000006
999999726
1000000006
999999948
1000000002
1000000005
999988976
999980610
999962400
1000000004
1000000004
1000000006
999980515
1000000004
999999808
1000000001
1000000006
1000000002
1000000006
1000000000
1000000000
1000000004
1000000006
999999995
1000000004
999989040
1000000006
1000000005
999999842
1000000001
1000000005
999999702
1000000003
1000000001
1000000002
1000000006
999999947
999994753
1000000005
999999988
1000000005
1000000000
993855709
1000000005
1000000004
999980490
935083519
999999990
1000000001
1000000002
1000000005
999999926
999980515
999999986
1000000000
999999998
1000000002
1000000001
999873895
999999977
1000000004
1000000006
999941745
999999951
1000000006
1000000003
1000000005
999981209
999873896
1000000006
999999996
1000000005
999999988
999999995
1000000006
1000000004
955511530
999999980
999978467
999998004
1000000006
999999948
999398253
999990127
999999983
999999998
1000000005
999999999
999989766
1000000002
1000000005
999974937
999873896
1000000002
1000000006
999999982
1000000002
999999996
1000000004
1000000005
999999871
999999995
515213
1000000006
999999987
999999999
999976139
999351612
1000000006
999983242
999990431
1000000005
999990648
999978467
1000000003
999999947
1000000003
999996254
999999951
999975461
1000000005
1000000004
1000000004
999999965
999963957
999999988
1000000002
215732446
999999995
515212
1000000001
999999996
1000000006
1000000006
999963957
999999997
1000000004
999985280
999984372
906188041
999992713
999988624
999976515
1000000001
1000000006
487
999989657
999970807
999999962
999999894
999993824
435358552
999918117
999988624
999999952
999999792
999999760
999984460
1000000000
1000000002
999995877
999999994
999999737
1000000001
999986425
999994970
999986371
1000000006
999984238
999922336
1000000005
999996551
999982553
999976387
999999989
999999804
999984273
1000000005
1000000001
999986370
999999998
999999752
1000000001
999999948
1000000001
999999999
979372567
999409241
999980128
1000000006
999999987
999999979
1838
1000000005
29939975
999873896
999984273
999996115
999980490
999978467
999999998
1000000006
999999996
1000000001
650570425
999988843
999984109
999999950
1000000001
1000000001
1000000006
1000000003
1000000004
1000000005
1000000006
1000000006
999997077
1000000006
1000000001
999971798
999877454
999999991
1000000000
1000000005
904595472
904595472
1000000004
999999945
1000000001
1000000002
999999991
999999952
999999890
1000000006
650577290
1000000003
1000000005
1000000002
1000000000
999992713
999989097
1000000005
999999981
1000000006
999999919
999984109
999999994
999999952
1000000005
999992881
999999983
999999150
999999957
1000000000
999982260
1000000004
999999996
1000000000
1000000003
999999983
999992395
999999987
999409241
999999984
999995036
1000000000
1000000003
1000000004
999999998
999999950
999999984
999999981
999959936
1000000006
999999984
1000000003
999999995
999982699
999989612
911685314
1000000001
999999951
1000000003
1000000001
999989603
999982442
999999962
1000000001
999999985
999982101
1000000005
910656812
999983113
1000000004
999976515
999990431
999998501
999998004
1000000006
1000000001
999999999
1000000004
1000000003
999999953
1000000005
999348034
999986425
999999988
1000000006
999999926
1000000006
1000000002
1937
1000000000
1000000000
999993452
1000000000
999999990
1000000006
999999988
1000000001
999352921
1000000004
0
1000000006
999361532
1000000003
999999919
999999812
999907693
1000000004
1000000006
999978754
999999927
1000000004
999971854
999994753
1000000005
998362835
940785158
1000000004
1000000004
594
1000000004
999975283
999999996
1000000000
999999999
999999027
999999958
999999947
999999977
1000000000
1000000000
999400169
1000000003
1000000006
487
1000000001
1000000005
999999977
1000000003
999999963
999999963
1000000002
999997862
1000000005
999999958
1000000006
999979388
999999996
999907693
999998972
999978754
999982877
999999943
999996419
985453317
994
1000000005
1000000003
999999999
999357406
999995877
999999888
999873895
999999958
1000000006
999993900
517
999962394
999996982
1000000004
1000000003
1000000001
999974013
999996493
1000000006
999999996
999999990
1000000005
999999999
999999988
999977099
999999997
999996419
999999991
999999999
999993415
1000000006
999999981
1000000004
999918002
999999767
1000000000
999999955
1000000005
1000000002
1000000006
999974218
1000000004
999999991
999999551
999999996
1000000005
1000000003
999995717
999999988
999934436
999999997
999999998
1000000000
1000000000
935083519
1000000004
999999989
999999962
1000000001
999989864
999999904
999989657
1000000004
999999951
999999988
1000000004
999999998
1000000006
1658
1000000001
1000000006
999999568
999988523
1000000001
1000000005
999987237
999999985
999999998
999978754
1000000006
1000000006
999978467
999999983
999999965
999999919
1000000006
999994849
1000000006
999986371
999999747
999993415
999976588
999999945
999999997
1000000001
1000000002
999999966
444
999873896
999999988
999999958
999998140
999999888
999999767
1000000001
1000000005
1937
999999888
1000000001
1000000000
999986370
1000000001
999992743
1000000005
1000000001
1000000004
955522363
1000000000
1000000004
1000000004
999999982
1000000006
999988088
1000000003
999982712
999993520
999942215
999999989
999999989
999999983
1000000006
1000000005
999999962
1000000005
517
1000000003
999999947
999999996
999999889
1000000000
1000000006
999962400
1000000002
999980226
1000000002
1000000002
999971854
999933665
1000000006
999999932
999999888
1000000000
1000000001
999975351
999993404
215213198
999999747
999971243
1000000001
999969943
999999987
1000000000
1000000005
4457807
919
999999977
999999977
1000000001
999985468
999996115
999999980
999999950
999999855
1000000006
1000000000
999974937
999998482
1000000006
999928715
1000000002
1000000001
999906229
993951911
1000000005
999999982
999988624
999999747
940785158
1000000005
1000000005
999994527
1000000005
999999983
999999998
998362835
999997862
999999952
999999926
999999792
1658
1000000006
1000000005
215212306
1000000005
999999998
444
999999747
1000000003
999967607
1000000002
1000000006
487
999999974
1000000002
1000000003
999933665
1000000005
999347961
684969262
999982442
999920176
999981441
999986687
999997077
999999981
999999904
999999996
1000000000
999999999
1000000002
1000000006
999999997
999986425
1000000005
999995764
999991209
999398253
999999990
1000000005
1000000001
999999998
999999944
999999995
133
999999965
999390042
999978754
1000000006
999997863
999999999
999993404
1000000004
1000000001
999999998
1000000002
999406461
999999995
999999882
999995764
1000000006
1000000005
1000000005
999999999
999999988
999350858
999999980
1000000002
999999965
999965395
1000000005
999983633
999999990
1000000003
1000000005
999999999
999976588
999999348
1000000001
1000000005
1000000005
999988088
999357406
999999960
999986425
999989766
999999998
1000000002
999999947
999994751
999999878
999995162
999966881
1000000004
1000000006
1000000002
999999995
999999249
999999984
1000000006
999983242
1000000001
999999999
1000000000
1000000001
1000000005
1000000002
999350858
999999991
999963957
999999999
999996001
650570425
1000000001
999999947
999347798
253
999999919
999995425
999999981
1000000003
1000000006
999999348
999985184
999992395
1000000005
999966881
999999871
999999889
999982101
999982104
999999979
1000000002
999999999
999999950
999995425
999995162
999999990
1000000006
1000000004
999980127
999999995
999999981
999999980
999989621
999990344
1000000006
999918117
999927764
999999983
1000000001
1000000001
999999981
487
1000000006
999999997
999998585
999922936
1000000004
999999977
1000000005
999999927
999999988
1000000003
999999980
999983840
1000000004
999998984
1000000002
999999919
1000000001
1000000005
1000000005
999971797
999980719
689440955
999999958
999999989
999920176
1000000005
999981209
689440955
999999978
999993900
999999966
999999871
999989040
1000000001
999999999
999991282
1000000005
999988168
999996023
999999889
999999998
1000000000
999997642
999407835
999999992
999992325
1000000005
999975351
0
1000000006
1000000001
1000000006
999994527
1000000001
999983800
1000000005
1000000002
1000000006
1000000003
999989657
999971797
999999919
1000000001
979372567
1000000006
999989040
999986606
999993900
999999998
1000000003
999994753
1000000001
999999999
1000000004
1000000000
1000000001
999985033
999995877
999999752
998315796
1000000000
999995717
999990431
999390042
999991209
1000000003
1000000000
999987597
999979388
1000000004
1000000001
1000000006
999993316
999999999
999999889
1000000002
1000000006
999999927
1000000006
999991902
999982712
999971243
999998089
1000000003
999999981
515213
999999966
1000000001
910616584
1000000001
999999997
999993404
1000000001
999999991
999990344
1000000006
999999989
999922936
999999965
1000000006
1000000002
955522363
1000000006
999988604
1000000001
999999966
999991209
444
1000000002
1000000004
999999996
1000000001
1000000006
1000000001
999918117
1000000001
1000000000
999990912
999999981
1000000004
1000000001
999985184
1090
435358552
1000000002
999980332
999993404
999999980
1000000006
999999967
1000000002
1000000006
999987740
1000000005
1000000000
1000000002
1000000005
999999981
999999989
1000000000
999999979
999924937
999999961
999999980
999999989
1000000002
999992395
999999952
1000000006
1000000001
1000000006
999984238
999918002
999999767
1000000004
999990344
999980719
1000000002
999984460
999999998
1000000006
1000000004
999999947
1000000004
999999992
999985468
999999918
999999982
940790748
999999995
999999987
1000000004
999390042
999999027
999982554
999999966
1000000005
999987238
999999888
999994527
999999999
999999989
999999999
1000000006
1000000001
999979388
999941745
999999999
999987317
1000000005
999351612
999999999
1000000001
1000000004
999978770
1000000003
1000000000
999917353
999985468
999351611
650577290
1000000004
999983800
1000000005
999999919
999999552
999988523
999934436
999989040
1000000004
999984238
1000000005
999999915
1000000001
1937
999974013
999999985
1000000006
999999747
999999999
1000000004
999990431
999999927
650577290
999999963
1000000004
1000000003
999999927
999999958
999981378
1000000005
999974013
999351611
999966881
1000000002
