47
6 5
-477 -180
31 -266
-474 28
147 49
323 -53
277 -79
346 488
-139 -183
-427 129
386 -222
-408 -315
5 2
-52 -325
104 420
315 356
-192 8
493 146
404 228
-239 484
42 28
-425 -127
-6 11
77 396
135 201
-141 -487
179 267
-63 -225
325 -62
362 -42
488 229
257 -140
446 70
328 -286
-128 357
124 -126
31 -85
-308 -265
-187 245
-480 -200
381 43
-129 354
-487 388
-424 -23
-111 312
354 -141
-87 -278
47 -214
164 375
-53 52
-59 375
483 377
-148 -209
-296 256
-323 345
394 -499
100 -175
-471 -381
213 -172
-321 -198
-232 7
290 -467
177 465
205 356
213 38
246 -71
-71 -86
-102 216
-347 -58
389 271
110 -359
-250 368
-479 110
150 384
-422 -474
-255 -91
-132 -286
-467 480
-420 280
-369 -164
454 327
-426 27
-47 -272
471 -348
374 443
135 -286
443 -133
79 460
311 71
129 116
206 366
3 30
395 -410
311 -312
477 273
129 -335
210 333
-42 -361
-463 183
-427 -368
68 179
-365 -276
58 466
-437 325
194 -464
47 -435
403 -128
-459 -373
-311 -449
222 -31
89 98
32 -468
-178 293
386 161
28 74
-465 113
162 113
-404 -415
157 -94
356 160
375 -84
-124 -27
-106 17
160 253
184 152
20 19
348 430
-282 -269
28 -117
-176 29
160 237
-381 -438
236 171
-353 252
-391 -169
-384 320
96 320
371 -350
450 259
150 482
-186 -306
-52 493
130 482
-456 170
234 186
-399 -466
391 356
-436 -65
430 -158
72 466
153 -307
322 178
67 488
160 -26
293 -356
-261 405
-234 133
-395 400
-289 -264
-334 -244
68 -473
-452 82
230 331
70 -331
493 277
35 28
-213 449
374 201
-444 263
-280 -186
361 423
258 -62
388 -136
146 -84
-394 422
272 397
-292 -378
434 452
-440 -393
269 -153
-76 446
81 -440
-303 157
-161 266
-483 298
399 454
283 -336
-351 238
-491 148
-379 53
-252 446
-345 -390
-432 298
-134 -161
-349 298
-227 -446
-1 -134
498 199
-456 111
291 -160
-476 -171
-264 -30
-65 107
-309 -139
-44 221
-35 -136
-363 422
449 -442
443 -224
134 -79
-463 -254
-46 473
-349 -436
337 -103
236 -78
181 -193
245 -261
255 -458
-247 5
12 -342
269 398
-92 439
125 265
67 293
-391 388
-22 -140
311 -134
264 137
-125 9
19 26
-63 266
193 108
18 -191
482 -194
-436 -160
304 -103
-220 -300
118 470
-64 363
74 -220
39 41
35 -307
193 54
-269 -172
-413 -179
199 206
34 -485
155 74
-479 -270
-38 421
486 -302
371 174
-410 -309
-32 -45
113 -159
88 119
-328 364
116 -103
227 466
-209 377
119 -148
-234 369
340 -142
223 -475
45 68
-131 161
-143 30
-207 -226
-202 -330
-427 457
-259 333
-293 496
-248 -240
-230 34
-312 91
30 44
348 -359
211 -90
-453 305
217 210
-6 392
-337 -139
-463 -336
-42 -163
-16 434
2 460
-424 -307
357 101
108 202
-143 237
-291 -157
-286 187
333 -56
-351 -309
-493 -106
-363 413
-131 141
163 -52
244 -436
119 382
-351 -501
163 279
-35 -220
-420 -294
70 62
36 -123
-202 -248
-303 8
70 343
-267 -70
-65 476
423 -392
57 -131
262 -109
300 182
-130 69
-396 -220
-381 -177
-262 126
-166 -438
469 32
-305 -448
-201 -371
409 86
107 -80
402 313
421 351
451 -231
2 -67
-420 111
-330 267
-160 478
213 442
-489 -439
-399 223
29 265
314 307
495 -279
-13 366
-130 -120
-207 -32
-107 98
-329 83
125 476
52 -472
295 162
-242 149
-87 238
-304 144
274 -129
42 25
335 -308
-382 44
-296 -341
-96 -225
141 179
-133 410
-191 -302
-342 -435
-55 492
460 252
-90 -151
-160 490
-339 193
170 -77
112 422
392 119
-330 438
-262 -386
261 364
-328 460
88 -174
-19 363
-197 429
353 -33
-69 -19
-123 -446
251 -208
320 -275
-447 -270
-490 -233
455 -182
335 -243
165 36
126 -346
-181 358
56 -342
-268 42
436 -345
375 207
418 127
-273 484
412 145
114 275
-439 -310
-113 77
-48 -344
32 439
474 99
-49 -455
440 -32
-435 271
411 -205
230 -82
-325 481
-424 476
311 280
41 -356
251 -29
-88 -395
192 61
-68 463
461 -183
-166 -319
259 420
178 -119
-98 352
24 257
29 42
24 466
-242 -274
-278 80
229 230
-418 50
368 37
-47 404
-367 83
-395 315
-464 95
-26 -204
-241 -228
-87 -199
43 -23
-65 -215
406 -45
455 419
-166 -174
178 423
296 165
-320 -287
494 226
-88 -245
207 -466
-300 253
-323 125
-205 244
201 -161
0 -140
475 -432
223 379
93 169
72 -124
289 -224
332 460
339 -151
300 69
362 -1
-247 -419
-280 -140
-89 -46
-136 328
-14 124
159 -327
266 87
-405 -88
-125 315
160 -444
-491 -166
369 93
-485 445
36 166
-153 -381
326 224
194 -169
-90 -168
96 213
-474 60
-406 290
-189 -193
93 -483
-363 166
432 -19
418 -186
316 248
-458 -267
-404 444
-51 -439
-405 382
-448 472
-316 -298
10 38
453 291
466 -179
469 -280
146 -404
-428 -446
-496 -282
-430 133
41 -43
-305 50
-94 -261
458 -497
-373 141
333 347
-124 380
37 -388
-149 178
-288 -121
392 -210
-177 43
-280 235
267 -213
117 -325
-356 222
215 -181
-340 53
-109 -332
137 96
-223 254
-78 381
-12 -104
-119 462
-261 136
55 278
404 -341
-3 -384
40 66
-210 -317
74 154
442 -378
-7 -410
173 -84
396 331
-489 468
-147 376
4 -104
-458 -352
-189 48
-384 -219
4 19
83 -318
395 -367
176 -267
-135 391
234 359
433 159
-422 81
224 300
114 374
453 263
417 415
-191 -135
277 -41
-456 462
295 -501
-27 138
-280 -115
452 -29
-494 -498
448 306
321 165
-19 -41
48 -335
46 8
-297 462
-446 -315
402 383
227 -117
478 281
355 -460
-60 -360
412 72
-328 41
420 -350
-301 274
447 -272
44 -23
297 -408
-435 176
-160 -348
257 258
-56 362
132 317
152 459
283 164
-295 462
-293 439
-361 488
-147 209
480 321
14 -138
202 190
-483 -153
473 -465
-26 -92
78 181
-308 -188
387 -318
363 196
-318 180
442 -254
-34 287
447 -476
-327 -370
189 -374
132 438
-351 -99
-491 207
-310 -78
195 232
-409 439
-19 -354
-350 -15
80 -223
386 -112
479 403
270 143
389 181
35 28
-90 -225
-37 -480
-309 388
-242 -21
-412 240
-353 399
64 -185
-333 39
-120 300
281 -59
-294 146
-90 37
-382 -366
348 305
-342 202
57 433
-351 134
-468 -322
-470 478
2 212
-421 -332
151 210
-50 80
-480 367
-219 -366
412 307
-34 115
411 -393
310 -264
367 -246
498 -28
135 -400
112 96
179 -167
236 258
-359 -372
407 200
-283 158
-95 -121
160 -253
127 -12
-232 -472
-288 -74
389 -262
185 -2
-469 -250
160 437
195 -322
6 368
332 -499
-466 -94
39 -409
226 -281
-128 -208
324 8
-352 280
-262 175
471 -177
-317 432
-89 18
246 211
-60 210
265 34
17 27
-417 -61
-317 453
291 -37
71 442
241 381
393 132
36 -194
-348 -312
-374 -314
-1 -67
-333 422
-289 180
-424 -344
-361 170
-127 303
371 300
-457 -172
-203 366
-304 18
-2 -120
-488 447
46 373
349 367
-329 193
315 158
-341 -66
317 370
-137 -309
317 115
239 362
259 80
408 420
242 -473
-452 268
-240 -159
424 -492
428 -400
-166 152
417 397
-66 -419
-183 66
224 -275
-371 -295
19 291
28 13
-32 149
-428 145
163 -325
228 121
-409 218
-64 -35
-55 421
-353 228
-39 488
-297 398
-267 250
112 311
-447 -56
430 439
-367 -392
437 489
239 408
247 262
-81 347
-159 -499
-57 -323
172 -14
-340 348
-306 -32
-200 -413
-311 28
-400 387
452 -416
442 -48
477 200
-381 366
352 308
-474 471
-455 -326
-327 -78
197 448
314 456
78 435
-457 206
-146 263
266 -389
36 9
275 -467
297 201
39 260
373 95
15 250
165 -59
403 477
-155 419
413 -165
476 325
195 361
-275 382
260 96
9 6
315 372
266 250
-303 -70
187 239
21 -450
-69 -430
351 -218
-112 486
250 327
-120 -37
391 -182
186 176
-498 -182
411 -234
-200 -252
-155 -32
32 -5
202 -86
255 256
246 -19
39 -157
-182 -500
-481 -136
-91 334
-179 336
-499 424
43 123
307 -154
64 439
196 238
-282 -104
14 28
-53 140
334 416
353 137
-26 -233
-71 -210
-409 -128
101 -157
-32 -313
426 -43
-39 -228
-284 82
-109 442
-477 -75
-10 260
20 159
-76 167
-453 -445
-478 488
-469 403
-145 -310
-456 228
-43 59
123 427
-299 317
29 -206
207 -44
-9 -84
-458 177
-314 304
-486 -414
12 373
-25 379
353 -221
411 157
313 -343
-171 -423
-418 -135
-111 322
414 -220
96 196
-392 35
44 197
22 2
169 -394
-430 -244
-162 69
-37 86
-125 -229
-94 -359
461 -427
494 159
357 -7
161 -312
-498 -281
202 -78
-187 57
321 -173
-229 -215
-333 -379
38 133
21 -228
246 145
-139 439
-133 -134
-29 144
171 -462
-321 -134
51 45
85 454
-399 -377
11 -94
-232 184
451 71
225 -419
-45 317
34 -325
-86 309
-35 -14
381 -382
354 -147
-72 93
-70 362
-320 12
46 306
332 -457
-234 -378
-252 -57
-67 427
-190 210
2 196
213 -369
401 236
-27 -78
240 396
-336 -411
422 -361
451 -20
-411 -49
-316 195
-216 243
-284 190
-24 -144
330 -396
345 217
-309 385
433 -364
-307 175
-16 -62
-166 193
90 203
-349 -197
138 36
322 89
73 -370
233 -342
-316 300
400 144
427 337
369 439
438 -381
153 176
450 216
-177 -22
121 323
366 -221
-8 267
-241 240
-31 153
224 -433
-231 147
-95 -163
468 -158
293 401
68 -20
229 -397
-167 -489
-24 -421
386 -61
-169 -270
170 -493
292 -473
-459 -128
-165 -328
-255 153
25 66
194 -302
-15 -72
398 264
-402 -44
-209 -65
498 149
94 -143
188 109
477 -85
-224 197
493 437
-223 -209
-482 85
306 200
77 393
-358 -240
439 311
205 487
196 -309
26 10
-305 253
-61 87
346 275
258 82
-50 -182
463 -490
-217 181
-265 -240
-250 448
87 234
-431 108
-155 -189
301 -218
-200 223
148 374
348 -285
-159 -311
101 -185
-137 484
-267 432
-238 -306
-368 -191
277 200
92 165
434 -261
-465 -468
193 126
-159 -480
488 -85
-224 466
-224 341
321 -234
-56 -448
-300 -448
-238 373
-495 -247
21 30
-81 -6
-479 409
-52 227
-266 371
-114 -271
-87 300
135 442
211 130
127 318
-434 -67
-277 92
153 -265
420 -211
-224 -92
155 482
-456 -232
392 301
393 -476
-71 -66
5 453
-185 -259
-155 -447
-355 -282
338 -34
146 102
-440 345
-315 144
7 -24
488 -371
-341 -395
214 -402
52 -241
318 -9
496 86
-375 -391
-53 235
-272 92
-351 130
390 376
-438 -43
-188 -82
-108 470
-76 272
-113 -464
-90 489
209 50
-10 -134
425 34
-194 378
-191 -70
-153 -183
41 38
-149 274
-7 442
-394 195
-41 337
-381 266
4 -73
75 -50
404 283
176 -418
444 138
239 -398
486 -235
-140 -188
354 -363
-489 -390
111 342
373 332
137 -459
-142 196
156 295
-111 -122
-362 -200
206 438
171 133
42 57
290 -74
230 -431
-35 -325
-229 288
414 314
54 -296
116 -325
-151 124
461 -48
84 447
413 -108
-413 -361
325 326
-223 293
103 370
-270 -452
-242 -92
302 164
338 210
97 -470
-464 -122
-17 238
425 -356
-235 -480
1 -114
370 31
495 -486
-491 400
-355 4
-112 -417
-379 -331
130 405
-357 -432
-69 23
-398 -203
-128 190
-386 148
94 392
497 359
139 -141
-127 244
112 -255
-194 -474
203 -283
-471 351
-80 -448
-432 -460
199 -441
191 397
-118 -139
336 -489
-251 -375
-485 144
472 -284
37 32
456 401
-127 -483
-39 305
-219 -364
200 74
-321 -446
-188 -181
493 -479
-347 -2
268 -329
-435 -205
-343 21
76 141
-149 -281
-329 -44
-196 95
-304 -250
445 125
0 466
-215 343
-135 195
-454 305
-263 13
240 -198
496 -393
-488 -317
138 301
217 44
-88 360
114 164
225 124
318 -452
55 -497
346 -343
-372 -415
-203 -315
-262 436
-386 -479
409 305
-212 353
-444 -284
-74 156
-195 -162
203 -218
-377 157
-333 212
-22 -454
109 -5
400 222
154 133
-322 -430
478 353
15 -87
135 309
-206 492
277 315
148 435
154 398
-496 115
-485 472
235 368
388 -287
-204 -48
-374 390
64 -191
-406 -125
132 -432
23 -114
-181 -345
42 26
448 90
224 -340
-251 223
319 230
-191 -57
-58 -498
489 -331
344 66
-179 -310
-316 370
443 267
-298 465
121 160
-123 -182
-445 -343
-160 -5
-155 399
105 -192
-445 -52
-37 479
-388 344
88 -196
-348 -263
67 -335
-320 -146
-11 107
213 -432
99 -109
-415 341
-356 -225
-245 203
440 13
-481 -490
-293 115
233 246
417 478
19 223
372 -234
450 6
441 234
-110 -483
489 189
-407 252
163 132
-487 493
-274 -406
7 -23
317 115
-231 115
-373 313
-379 -343
-131 14
468 491
-457 303
445 178
-98 465
334 30
165 236
-179 27
148 0
-340 -103
242 279
379 15
-445 481
15 -92
-356 -474
73 65
-485 44
18 37
316 -435
370 80
-282 419
112 -69
165 -389
-165 -78
120 356
-90 304
-46 138
218 -478
-74 4
302 -349
-349 294
186 -381
455 339
-495 141
-232 202
149 -4
-67 -228
-12 161
92 -440
-401 307
-324 227
468 -372
170 303
-495 396
146 239
-263 -435
-117 4
44 -214
-27 -345
246 60
-330 404
385 -14
-257 -249
-18 12
342 213
-137 -212
-163 10
224 50
-25 130
-420 -429
475 14
-436 -99
-367 206
-222 170
-143 5
228 134
-53 253
84 -442
73 -360
435 255
240 376
-154 184
-346 -428
37 45
-115 335
-281 -54
189 -482
340 128
448 -194
194 239
159 -424
-145 152
114 -38
-168 -76
-307 -101
454 311
222 -5
-153 83
-126 437
304 -349
247 -398
30 -51
340 -142
444 -342
-131 -87
-74 221
-301 -299
251 469
264 -88
386 313
-160 -314
76 -241
-293 -221
-289 322
95 -478
162 -266
490 150
-340 -8
-203 399
-472 -226
299 -28
203 -328
-47 47
45 370
385 377
141 -80
430 -366
383 133
300 -163
393 143
-273 6
444 -334
153 -263
326 -209
-22 160
-236 -191
-233 369
-268 -419
277 -254
-392 -157
-313 306
-233 325
364 -491
469 -358
44 347
35 232
-488 293
322 4
433 301
-368 -305
0 106
-379 -129
61 45
63 -410
-372 -69
-271 -108
-247 134
242 268
-220 354
-294 -51
471 386
-161 -169
29 220
-298 160
-27 176
230 -478
35 20
493 -477
216 -260
-42 73
320 429
-38 80
-95 -293
75 113
-245 270
-384 -80
467 357
-430 -318
-431 407
86 -159
282 348
-285 302
392 102
219 -446
84 -223
-218 321
118 -188
25 -445
475 -172
-258 376
246 172
5 -88
345 226
40 396
250 41
-123 -4
411 286
364 94
1 -311
-320 -488
-322 -270
179 -430
-118 141
201 251
229 -380
-233 422
-121 344
332 -88
328 -52
-195 -111
-405 158
415 -99
-347 410
-451 78
-268 -252
-350 -80
-182 -214
-168 -431
-271 228
-265 378
-200 169
-199 390
27 33
402 390
58 -2
484 -226
-160 -182
-351 -64
-77 292
-246 -101
-301 -92
188 -497
443 236
42 160
453 -220
-227 -475
410 21
-247 476
-153 76
-55 -293
-21 -194
11 -307
-179 18
45 -496
106 -16
-377 383
468 36
162 -279
-10 78
270 -195
-69 -415
353 -25
239 270
27 -388
-115 -316
463 -346
408 -258
-36 212
341 -206
330 401
-283 129
31 -464
-463 -424
-135 273
-274 322
-154 -110
-88 55
-305 -187
18 382
-5 330
371 -150
-41 425
-116 -148
132 -482
-42 -475
-191 -79
-455 -35
-473 480
168 13
-268 140
-256 -227
414 -483
-106 -133
33 37
-248 -166
-364 -158
123 379
-194 185
-388 138
158 -193
355 -441
-64 106
74 -305
-21 381
-269 454
-9 -59
-33 -132
20 353
107 73
173 92
428 382
467 -103
27 -278
-129 265
-44 53
119 -109
24 -36
402 -311
291 -358
479 90
456 -360
-402 -334
-184 273
-206 203
-191 -212
-322 -467
139 318
-475 385
-162 139
238 350
263 433
132 -106
297 25
115 -63
112 411
-378 292
-303 -282
326 -115
-2 -335
-171 125
398 168
33 282
320 -2
-309 120
487 371
-49 -348
377 338
238 -235
386 330
416 423
358 191
-11 -331
-268 -500
138 -422
30 391
353 196
-460 -94
496 -394
104 -167
-156 209
284 109
-465 70
-152 396
36 466
4 6
227 407
-119 -472
0 459
116 487
494 -202
-245 -463
89 -291
57 309
-487 38
-450 205
7 51
-392 149
-55 -7
285 -118
-423 211
413 293
-310 252
-348 -453
-381 -160
229 -278
-129 -299
-54 -294
-133 -397
479 -339
-65 -386
-473 -107
251 73
95 -416
-55 377
-466 -174
-456 91
-162 488
-31 475
-348 396
378 -286
-446 -102
392 195
438 318
281 154
172 -241
-425 49
-473 484
-479 161
428 266
323 465
359 495
230 326
47 -482
-181 216
68 375
-232 -500
497 218
325 475
-300 -136
-24 134
-333 -330
428 396
241 -457
-232 -134
325 -227
12 -394
-429 388
-329 -256
308 243
163 -234
241 -408
138 378
413 -250
-198 234
18 27
148 227
95 247
-182 467
497 -301
-466 34
-451 -345
215 -164
-81 134
-362 -10
-127 -132
24 170
270 -238
-396 369
402 131
-4 -173
365 106
-224 270
174 -419
213 -447
-468 -230
397 -388
-8 356
440 374
-50 186
33 -390
-294 300
-85 455
424 75
-126 35
260 108
-74 43
383 25
-255 154
59 -83
-334 -29
454 -223
202 -68
194 -417
428 425
-195 66
-110 354
388 -400
194 -45
-494 366
87 -26
18 35
-148 366
204 47
-325 -318
402 137
-428 437
98 -436
153 -18
-353 -340
94 -295
223 67
494 -263
-335 -141
280 480
377 430
-487 -204
7 -172
226 488
-35 136
290 -36
-257 -32
55 -30
-108 7
-266 -25
115 -496
-446 161
-111 201
-63 75
310 -14
121 178
320 -72
-390 -269
288 427
117 -220
432 -272
218 51
285 -29
24 335
74 -90
-388 369
-374 454
389 -226
287 192
-402 364
-488 -320
130 246
28 -391
62 422
126 222
432 199
-423 -437
-98 -292
-470 -327
145 -49
27 41
-447 -270
-464 -325
169 -44
-164 -164
18 -80
145 -263
-178 264
137 363
307 -302
-171 225
192 204
131 221
3 129
417 -157
-152 104
403 -137
71 333
209 -350
-180 -434
-460 48
394 -244
415 -342
169 -444
-438 -117
435 -111
297 -479
-89 -128
83 -463
-19 384
438 247
241 -197
-368 -55
-198 182
121 -49
114 345
436 114
-241 -117
428 46
-344 5
-205 -427
-236 473
-154 -447
371 -497
124 205
392 27
21 440
406 63
47 -232
-144 145
340 -137
-171 440
32 -451
392 -408
494 89
-195 -104
353 -179
256 -204
96 -395
88 -468
3 -173
-392 -432
306 451
-83 -418
-219 318
-421 18
-442 -131
163 -71
195 -412
23 15
-57 296
7 80
-224 -178
-93 -464
11 338
-408 348
-61 -303
304 402
-287 259
74 -435
286 -432
16 357
-333 -354
-257 261
-207 -132
162 -262
141 -393
-249 -461
-405 118
155 56
-237 107
-303 243
-239 -439
-91 173
198 -123
415 471
124 -94
-277 127
239 -83
-162 299
-161 154
91 453
-446 -480
282 194
39 88
186 -376
-420 397
-138 84
12 29
339 -322
245 -420
-150 306
-306 -264
-80 -69
383 222
282 -155
217 -280
-186 159
364 378
13 308
55 343
-131 -171
-469 -501
435 -44
309 90
230 -345
11 -388
406 319
414 238
-238 -51
373 142
-399 -400
26 -157
-79 -499
-106 -418
-172 419
-169 193
-416 129
-118 322
293 -313
-164 -501
457 -114
386 114
63 -283
-80 -184
-401 -135
-210 -159
-26 -88
159 71
478 -294
17 50
25 -204
-419 -56
-457 386
-194 77
-73 -8
440 47
-31 -106
-137 -71
98 14
305 2
233 -501
247 -399
-266 168
-213 -120
-294 -87
73 274
42 98
410 337
381 467
-396 -72
61 -308
-243 218
-374 -117
-458 -194
-198 -137
-163 -416
-67 -385
266 92
428 357
195 185
-151 16
-389 -256
-486 66
-371 -184
-241 -240
-26 -72
11 359
-64 -264
-16 -127
419 -44
179 363
375 245
150 306
-300 438
468 -214
-350 352
215 -405
197 -142
117 424
-32 113
233 -459
402 -384
446 -316
-499 268
271 12
467 359
201 303
-157 -49
-478 495
2 34
218 -324
-155 -184
-49 68
50 -4
-304 -305
-1 -160
375 302
42 38
-279 -128
415 -100
250 441
104 188
153 183
119 -440
99 202
326 -196
331 -257
264 36
103 481
-160 -359
-19 109
-177 -199
221 288
123 50
80 103
-85 -342
94 386
407 214
238 462
-156 5
-10 151
-98 33
450 -234
413 473
-247 -92
154 302
83 187
-165 -24
-386 -307
-62 483
-144 132
244 108
31 -187
-291 98
404 354
144 403
-10 378
116 -68
-245 206
-309 -404
-311 147
444 -147
267 -160
-416 -440
-361 371
482 -11
-188 -148
215 -244
409 485
-420 195
304 316
-273 204
33 367
-314 9
467 -421
-428 -145
-491 81
-142 149
35 -402
-110 -433
132 -267
462 -149
-216 283
-385 -121
127 454
322 61
-291 -269
-4 213
-487 -237
-273 -347
-52 -191
-436 -9
-353 -78
24 -65
318 -167
164 -336
-15 439
-196 34
25 1
-319 105
134 204
257 13
119 289
-484 -230
195 200
18 163
-227 -69
-160 -232
-204 131
-110 -143
-440 -169
-62 -442
289 117
-330 -171
-271 -244
-416 6
-190 164
463 142
-230 434
-478 -145
475 -100
61 112
-25 -395
-500 334
-48 -34
25 30
94 -350
1 -306
217 459
234 -200
198 -314
-15 266
-457 280
-402 37
483 116
-381 63
-499 -398
434 95
327 -203
-357 197
383 -391
442 -484
338 30
277 492
-315 462
267 384
-85 -145
375 -199
249 374
244 -451
-35 233
227 -496
-220 446
303 -187
-198 21
130 -63
-195 262
464 228
298 385
369 -284
-191 393
-340 80
-403 -317
-289 103
139 -375
-324 378
-340 213
-139 -492
349 196
-1 245
52 -406
-500 -3
-451 291
402 123
-470 -299
-334 386
-447 -96
347 133
271 382
485 -465
378 -235
21 4
-355 -346
109 321
484 225
30 395
-33 -257
286 -9
404 171
-483 -417
405 -42
123 298
0 -297
-317 434
-251 -397
267 -497
-366 406
481 134
-342 366
-392 -455
-83 -33
-296 -404
481 241
75 137
-442 475
-93 -239
494 -374
8 50
-421 -110
-416 395
-13 335
216 -23
-369 -208
-361 323
-239 137
-159 -430
-292 -396
120 -85
-19 140
-384 33
-362 -459
-79 263
-284 -333
311 152
262 205
70 341
182 53
-474 490
188 -328
-282 238
494 -324
165 -82
340 211
-404 -411
207 27
136 -23
-30 311
451 -500
-280 -187
394 -131
-283 68
25 36
-135 66
-334 -105
-201 72
-308 -157
291 435
432 -350
162 24
287 445
228 -373
240 206
388 -453
-3 237
-192 -482
-27 -19
379 52
-43 210
-24 114
-145 418
322 254
340 293
-170 -326
245 -494
-470 -305
61 351
37 9
75 -132
-7 -73
-436 397
255 -353
101 450
478 440
-139 397
344 -191
-31 -232
-62 -323
-198 288
387 -116
-367 450
239 -155
-486 472
-452 -387
-218 199
-259 222
26 185
473 495
-187 354
440 164
15 -351
196 90
-11 -395
330 -487
162 -111
-468 30
127 197
-169 -452
122 83
-473 207
396 315
-197 -60
389 283
-77 -104
-374 -449
30 180
-354 265
-88 354
-425 173
-112 -194
423 -381
31 -428
372 -95
364 -302
20 2
309 -311
-390 332
120 62
343 146
-16 367
120 318
-261 276
-409 57
-432 468
-110 3
-34 121
-369 202
479 361
-157 81
475 482
-157 464
-495 -287
116 -194
-168 -306
-115 -417
-68 336
-214 227
30 28
236 -322
425 349
-93 -331
-127 260
269 -341
-448 194
336 120
-96 272
-420 -397
463 104
101 316
327 -102
236 449
-196 -410
76 98
302 -43
-310 -277
446 -39
85 -282
380 -131
157 258
-465 306
-23 -396
-49 -440
160 -136
236 -195
-39 -204
209 357
-354 337
210 102
-285 -153
67 118
-411 12
-69 -493
461 249
141 -177
-205 473
-489 343
-416 -489
-301 -218
-4 -101
91 426
-115 -128
489 -485
-375 69
-211 419
99 -354
255 71
185 -466
-100 176
54 435
334 -202
163 -9
-108 -494
-327 -170
281 -402
-246 -79
-312 276
22 11
-75 -16
159 24
486 -326
367 35
-32 60
426 -379
222 -220
109 -487
-372 -386
10 -475
-205 -406
353 45
149 -235
-113 245
391 -161
-300 -336
-425 400
-218 -153
370 -193
-381 49
120 -327
444 -101
268 242
-306 -467
259 -284
-166 -367
-82 -439
-93 184
331 -298
55 283
5 14
-89 283
99 383
