100
90 618
315 709
115 115
215 215
562 181
841 675
408 408
30 30
572 572
754 911
494 353
126 616
472 472
587 587
987 987
436 436
680 680
596 596
671 443
770 659
676 676
360 742
480 622
120 539
165 43
253 253
564 564
150 25
919 141
774 774
947 947
631 631
186 236
543 543
495 751
522 522
602 602
97 97
3 3
399 399
645 970
62 335
1000 1000
848 917
927 927
259 259
207 142
458 232
104 716
932 480
304 390
976 976
687 687
729 729
443 240
972 972
864 586
407 477
525 651
725 351
697 420
502 502
106 805
212 255
664 813
45 858
249 283
689 689
592 616
558 558
25 788
222 652
755 32
489 489
664 664
336 780
26 26
285 285
862 862
535 535
807 686
531 531
917 358
518 88
628 390
424 424
124 829
123 123
901 344
219 949
768 768
958 410
938 938
727 727
512 512
885 885
76 76
702 702
236 428
595 595
