10000
703 703
159 159
259 350
187 187
628 628
936 308
358 358
544 544
227 227
801 17
372 372
951 977
349 371
124 997
539 539
533 324
449 652
366 366
901 901
413 357
327 420
513 812
751 751
900 900
298 679
896 896
939 939
570 932
443 443
802 802
782 782
337 913
347 347
572 909
755 814
111 111
278 950
634 634
332 9
489 209
982 982
20 20
311 311
151 672
361 334
606 606
56 110
270 270
468 176
573 573
600 600
710 656
311 311
965 359
341 768
613 229
166 710
112 112
896 896
974 878
202 202
261 612
450 450
335 922
260 260
73 898
182 352
425 425
295 295
483 483
373 184
883 621
26 675
886 886
832 187
387 673
216 230
57 481
21 21
761 761
28 28
439 439
707 346
391 391
680 680
517 776
325 325
715 715
155 155
496 496
65 65
667 667
395 110
432 47
672 309
523 492
347 30
319 810
545 545
122 122
591 591
675 675
371 18
876 785
534 732
430 430
524 420
87 87
305 871
112 112
348 348
81 414
397 397
331 331
789 172
770 38
256 256
875 875
810 810
44 44
56 56
834 936
567 46
398 398
381 381
63 63
230 230
879 92
429 429
467 467
238 238
763 763
61 61
413 413
317 700
39 39
592 592
620 493
900 900
737 737
686 686
661 661
487 487
278 278
485 485
767 767
476 36
301 174
387 387
196 798
705 705
9 9
524 472
536 542
770 770
839 215
813 813
128 243
149 363
603 268
951 951
852 852
47 47
863 575
390 135
929 929
348 602
694 694
533 533
236 384
536 780
22 22
28 464
513 919
423 67
392 652
936 936
919 919
147 469
575 848
567 230
948 25
967 967
231 694
704 704
746 746
221 221
96 796
377 68
510 835
623 623
148 148
108 108
367 805
547 547
351 141
101 920
795 795
633 633
474 474
400 928
576 873
770 963
394 741
604 899
819 819
339 631
975 975
524 120
788 788
453 453
788 788
842 946
614 945
999 366
578 578
771 771
680 680
742 397
750 750
16 16
306 306
168 835
712 894
189 811
238 839
650 814
658 658
269 269
765 734
140 555
502 425
362 330
340 317
895 80
2 2
152 400
273 14
605 150
123 43
756 756
538 205
552 989
180 517
645 645
368 902
84 84
385 385
165 122
114 953
59 154
104 603
94 94
769 505
962 962
211 936
773 773
36 983
558 558
340 340
288 715
486 626
109 109
17 17
538 52
893 626
184 184
720 505
377 377
964 683
60 938
329 329
161 161
984 271
137 137
634 833
594 985
476 495
271 858
75 63
414 414
489 489
597 597
219 434
414 227
118 9
175 175
793 793
665 665
310 310
777 438
920 807
612 612
919 919
244 244
110 597
414 414
655 655
419 419
227 227
178 533
529 343
668 799
181 181
473 473
664 664
954 954
700 556
278 278
894 894
52 52
640 640
585 585
369 369
165 50
531 531
134 392
585 17
29 204
481 481
156 793
703 703
278 278
482 482
970 970
302 302
646 15
850 413
765 438
301 301
470 470
963 963
527 527
479 268
540 146
147 147
552 784
640 640
856 935
493 493
401 736
792 792
615 615
202 804
35 35
32 412
498 498
470 283
902 902
281 115
261 436
199 714
728 728
282 72
253 253
736 824
302 302
266 983
963 963
365 936
914 914
921 946
630 370
16 16
564 564
25 25
900 208
154 92
435 435
606 517
909 909
169 169
537 537
378 378
432 432
428 428
542 542
723 723
265 265
296 239
620 620
721 373
266 947
501 501
197 197
332 248
536 809
672 966
549 364
848 621
388 139
546 459
979 979
718 718
672 753
843 321
306 610
817 840
418 377
8 543
292 362
756 861
533 533
348 330
122 122
576 485
965 965
45 988
780 780
424 424
278 278
578 685
344 344
819 819
876 876
340 340
836 319
223 535
27 541
587 587
565 805
711 752
852 336
458 458
509 509
18 18
99 99
155 155
9 9
562 882
652 979
654 69
479 479
776 625
539 400
477 477
615 615
665 627
84 84
270 738
274 274
933 169
838 838
68 12
672 863
942 942
529 529
293 795
307 864
202 202
264 351
367 530
667 142
318 318
750 750
939 832
80 686
608 608
469 469
1 982
809 809
715 133
748 748
543 543
512 512
789 789
628 732
560 560
221 237
64 64
991 596
19 382
419 788
17 878
575 575
515 228
291 847
2 780
970 704
14 14
879 879
360 360
508 834
793 793
219 822
6 6
836 32
474 723
528 528
779 779
878 878
386 386
490 490
482 482
207 566
844 844
217 217
353 829
410 611
80 398
960 917
520 520
384 384
554 88
570 343
822 580
87 87
131 131
718 183
940 940
473 473
252 252
839 614
791 124
467 557
322 322
298 298
668 668
30 30
754 851
220 220
226 700
184 168
418 418
323 654
843 843
125 463
701 701
686 686
171 171
608 608
229 229
134 589
443 689
63 63
221 221
62 62
407 407
104 104
23 813
899 366
756 863
877 877
651 851
401 992
670 411
858 488
833 833
640 191
736 736
11 306
516 516
247 58
666 45
754 836
259 259
611 611
294 294
871 68
623 946
883 400
668 774
732 361
528 528
99 785
22 22
319 277
25 910
459 459
494 302
31 649
113 794
165 165
950 950
107 107
291 544
176 509
381 381
514 866
518 6
23 74
7 7
803 777
127 127
368 330
270 270
669 669
681 681
576 744
743 743
935 944
134 134
450 450
522 522
390 390
351 643
595 595
369 369
728 728
143 255
7 7
877 105
364 364
712 560
494 494
657 657
744 744
769 769
97 97
808 933
683 683
420 420
788 849
226 226
677 954
604 945
336 920
157 506
157 34
90 621
346 519
797 797
723 723
328 328
683 697
151 151
631 631
614 803
658 951
756 930
632 632
830 830
380 380
488 105
402 402
270 270
647 29
365 365
475 475
834 834
538 538
917 91
664 664
629 152
116 116
703 703
861 861
285 86
451 451
929 929
209 620
138 138
31 31
175 711
376 697
837 307
553 553
708 708
217 806
397 130
65 65
156 156
709 709
752 752
692 692
121 80
243 278
771 771
701 701
17 17
361 135
332 332
801 801
877 877
371 371
195 45
27 27
82 82
268 469
22 22
534 992
499 499
863 845
340 982
683 873
346 18
951 951
514 514
670 670
348 516
406 406
788 346
962 962
783 304
3 944
90 327
114 114
633 686
687 689
405 271
416 416
350 407
953 782
658 658
364 785
926 670
290 385
545 545
182 564
459 251
77 621
283 254
631 939
266 645
58 323
936 936
985 390
672 672
211 211
938 938
82 553
967 723
33 33
476 573
547 183
513 885
177 962
746 919
292 292
642 272
433 433
498 498
440 276
268 696
36 36
385 385
773 773
781 781
657 657
328 328
421 421
449 449
992 992
248 248
947 947
949 949
377 377
223 223
72 409
432 718
927 539
975 975
438 438
480 352
827 902
10 261
154 150
393 393
393 393
824 631
120 558
336 336
858 982
369 369
719 719
430 430
480 480
68 68
232 232
602 602
214 137
956 221
301 301
360 843
428 428
194 296
86 86
943 943
476 362
811 811
487 928
519 293
433 499
702 702
752 16
839 442
128 128
272 272
712 793
714 329
766 140
819 819
494 494
522 691
553 409
378 378
664 664
66 66
89 846
793 793
582 4
750 915
46 425
79 79
182 182
716 716
331 493
707 181
584 895
734 734
713 713
842 842
566 566
138 564
312 582
502 502
289 289
229 229
334 111
661 659
125 125
849 849
333 654
502 502
417 417
120 77
891 78
414 414
256 256
358 358
45 271
252 992
15 15
230 230
321 321
21 661
401 31
151 358
599 792
763 763
600 600
713 713
729 729
631 631
730 195
836 553
464 464
193 193
637 637
947 947
66 357
590 590
885 885
597 537
751 304
472 204
67 383
508 508
196 196
397 397
227 227
960 960
192 878
287 460
663 663
877 877
661 18
729 561
180 180
917 917
78 78
821 821
766 766
104 104
905 905
869 728
770 343
515 770
462 462
74 74
573 372
602 864
602 427
157 157
64 107
287 287
873 198
179 250
901 901
407 407
848 973
696 696
253 146
42 357
383 662
148 148
716 396
971 971
805 819
667 850
343 343
213 763
27 27
582 582
447 341
220 220
384 384
484 484
221 221
702 785
929 929
100 100
631 109
306 449
188 963
65 65
446 279
805 805
194 835
629 127
325 325
319 319
730 863
630 630
231 231
552 552
124 124
57 176
992 992
485 997
399 148
29 816
715 715
193 193
541 541
293 775
455 367
804 86
686 686
745 146
952 952
527 684
436 436
467 467
115 115
198 198
485 160
4 459
824 542
396 772
192 192
7 994
527 719
558 112
774 774
513 513
567 194
365 882
235 235
105 336
13 13
854 740
324 324
553 553
783 841
844 844
44 44
743 328
531 531
432 432
573 425
243 243
29 43
543 543
210 210
232 232
32 32
200 200
764 358
72 289
672 672
363 721
72 72
24 24
384 384
775 65
241 241
822 822
310 726
910 321
558 147
610 610
948 7
207 207
47 391
8 8
301 301
732 732
970 970
117 805
597 622
711 711
161 161
615 615
261 261
563 563
392 392
316 316
653 653
355 546
19 19
9 3
418 819
406 90
476 712
932 309
620 620
91 91
987 987
589 553
658 629
309 309
495 553
185 527
529 661
164 601
550 550
195 308
91 91
947 213
217 217
658 658
403 403
609 138
178 178
852 404
127 163
842 443
691 90
32 463
756 89
253 253
802 802
160 839
534 534
881 881
820 820
702 436
22 419
377 377
40 960
317 317
473 976
944 875
591 253
926 926
84 84
243 619
581 581
997 502
107 731
244 626
565 565
13 639
747 936
676 676
694 694
851 851
463 463
857 154
101 286
251 72
908 526
1000 1000
377 436
504 45
734 727
506 506
112 62
62 62
245 802
516 283
66 66
244 742
315 315
419 545
246 246
607 607
616 872
84 84
865 865
426 426
606 996
673 673
547 547
711 21
353 353
791 791
776 776
989 989
294 294
122 45
356 356
856 913
923 923
73 73
404 271
444 444
537 537
140 140
792 864
723 855
874 415
132 859
482 639
334 334
248 755
62 62
946 105
519 420
694 694
244 714
671 11
72 481
144 515
315 445
702 275
969 640
394 818
634 634
257 466
897 897
924 694
821 821
292 156
861 861
856 856
882 977
662 662
230 56
986 70
383 383
796 785
719 760
82 82
58 58
190 190
107 153
510 266
921 921
917 917
180 284
620 620
492 168
116 401
372 372
692 692
292 292
774 688
116 116
737 778
316 316
133 338
535 535
794 554
151 235
441 441
873 730
557 557
851 956
646 646
704 49
96 96
910 910
583 920
127 753
279 279
958 788
486 486
304 604
480 440
174 395
570 570
950 618
714 714
662 572
584 584
918 918
893 893
586 586
975 495
646 657
228 228
835 707
453 380
874 874
493 878
652 652
582 830
958 85
679 442
288 236
164 164
713 120
943 121
16 16
745 745
932 310
706 706
923 923
739 532
808 808
839 173
161 508
411 792
770 57
313 438
905 905
828 828
945 945
940 623
198 198
620 996
963 963
256 256
310 998
829 829
506 8
112 517
336 336
724 75
945 925
206 206
862 862
816 416
141 163
443 443
746 746
632 632
644 611
973 193
109 219
244 244
123 412
309 309
796 796
173 870
726 726
416 195
69 69
978 978
998 998
857 997
360 360
275 275
967 967
892 892
879 273
569 569
8 8
260 639
106 250
394 150
703 703
254 254
199 199
387 62
64 64
378 378
146 146
374 374
369 369
201 449
221 579
173 173
452 452
774 774
73 73
81 81
367 367
229 229
189 189
938 146
137 602
540 540
467 149
802 802
850 850
49 928
231 231
427 427
780 780
738 41
836 836
765 765
414 36
775 600
258 258
398 206
980 944
217 872
458 133
98 958
531 433
560 927
85 540
469 589
959 959
387 889
812 812
291 207
600 600
262 262
291 300
513 372
55 908
43 23
319 319
561 933
628 48
907 935
749 262
219 767
944 944
367 874
936 936
325 627
273 589
584 815
795 626
277 553
222 381
79 751
793 248
434 192
395 202
315 938
525 525
169 55
529 529
620 620
120 120
964 964
845 485
557 557
835 57
687 471
256 256
545 545
281 134
360 360
817 450
132 60
967 967
747 747
834 399
969 844
269 978
127 278
504 368
569 569
664 664
859 859
955 955
270 270
775 809
13 13
524 524
551 551
487 500
259 376
522 264
967 967
888 110
970 970
745 745
320 14
539 879
270 187
803 803
968 219
150 364
994 994
549 324
217 256
208 208
119 901
440 440
233 690
411 411
618 604
323 323
692 692
774 774
509 509
554 554
669 669
782 551
208 13
844 662
463 833
29 677
693 693
202 202
82 251
260 717
261 446
991 585
265 265
813 813
77 202
898 898
146 238
14 364
941 941
136 136
772 772
454 276
990 990
191 191
3 448
735 98
799 525
658 658
22 22
795 795
308 276
924 919
651 651
918 918
604 604
139 139
850 653
636 636
200 200
533 533
29 29
747 747
82 102
331 570
128 979
126 440
177 937
661 846
568 568
415 767
106 264
587 587
103 103
291 291
251 988
978 978
285 315
868 298
448 745
25 25
358 358
216 216
221 60
716 716
147 754
773 773
153 153
444 735
104 14
427 427
400 400
647 113
618 518
951 641
102 791
405 405
376 376
460 460
319 517
555 555
487 487
982 982
906 906
886 812
789 938
480 249
505 505
262 262
501 501
471 385
744 111
502 144
451 451
453 526
931 931
911 624
157 670
42 42
242 904
195 900
976 291
725 424
709 878
20 487
248 295
470 470
323 482
956 134
376 376
864 864
769 739
877 971
581 581
739 489
325 325
367 367
422 422
441 742
745 745
397 891
225 148
621 864
767 364
826 826
677 677
144 144
901 901
650 650
642 642
911 659
531 211
235 235
17 17
648 197
261 261
761 117
731 731
949 516
136 136
315 225
911 604
433 519
154 154
221 880
478 237
614 614
639 439
470 649
805 805
501 811
907 907
875 875
411 411
794 825
95 542
670 852
108 483
27 27
655 655
826 97
254 254
107 107
227 316
210 210
18 18
372 761
384 123
285 285
112 863
508 445
508 660
590 72
340 340
187 35
661 847
934 47
482 365
125 646
499 666
90 113
194 810
460 347
509 509
796 796
739 739
62 62
541 36
501 535
243 243
32 2
990 990
430 430
908 908
205 205
699 427
894 350
657 677
859 859
965 965
10 564
897 897
258 258
487 759
799 799
908 908
959 959
450 450
645 645
997 997
76 76
844 909
292 357
334 651
397 902
292 513
768 768
18 18
713 634
710 321
768 768
363 841
717 297
867 995
520 840
701 701
905 905
196 196
14 194
845 725
301 385
225 860
68 83
93 93
1 823
371 337
459 549
680 680
750 750
596 317
743 743
291 114
813 813
616 574
803 851
66 915
248 981
229 229
98 98
288 566
72 72
477 200
58 58
29 415
478 478
91 91
951 265
188 188
625 625
90 90
634 634
570 570
148 148
561 836
775 664
544 970
204 223
683 683
857 857
178 738
888 711
187 187
573 573
152 377
309 394
704 704
697 642
574 388
775 775
681 681
775 775
21 561
929 959
444 199
650 650
961 358
81 81
629 629
133 378
819 202
133 133
563 93
304 124
854 78
627 122
899 899
140 140
996 877
430 430
736 347
457 457
639 639
331 331
649 649
277 277
94 94
284 447
404 70
894 269
779 779
864 809
891 891
673 673
54 54
306 252
923 141
410 211
643 643
253 390
627 627
375 375
337 337
728 728
141 868
293 938
312 312
429 589
610 102
170 829
800 800
135 135
776 776
30 440
318 612
789 789
612 988
277 277
120 806
23 23
738 95
946 946
920 920
208 302
989 989
95 528
721 869
162 608
966 966
935 935
277 507
896 896
341 879
683 55
811 811
555 555
797 797
383 216
993 650
431 941
76 314
81 81
96 938
638 583
642 434
941 941
817 74
549 878
346 346
867 301
722 722
99 99
825 768
972 122
217 217
661 221
633 633
145 991
936 936
31 31
830 830
695 695
476 476
764 840
892 496
9 9
123 58
672 672
239 239
420 724
849 849
440 915
729 689
910 910
57 57
679 679
232 232
905 905
5 659
96 96
154 154
916 916
87 539
779 779
556 556
955 768
54 975
397 298
288 288
901 901
584 584
955 955
30 514
833 833
1 947
757 323
175 301
111 111
850 314
435 445
508 508
113 791
855 539
21 372
91 809
977 977
239 239
929 929
794 799
926 926
651 651
393 393
628 628
945 945
231 752
84 84
856 856
651 982
831 831
723 215
599 230
268 268
749 263
411 681
210 210
898 898
773 773
487 487
899 559
735 735
981 981
525 119
511 511
984 995
580 580
465 465
723 941
80 80
615 696
28 281
543 543
830 830
929 929
718 923
337 337
463 463
475 475
235 235
730 482
856 856
483 887
521 152
158 158
148 244
786 124
971 971
703 829
891 311
528 832
135 344
985 889
498 448
209 209
35 474
566 94
594 594
187 187
449 449
451 830
376 376
924 924
87 87
403 537
465 216
372 372
547 337
103 103
143 783
94 184
887 887
289 632
869 801
447 814
664 664
839 642
57 57
778 778
996 996
359 363
206 513
387 387
740 740
20 954
743 743
100 110
652 652
580 912
988 988
522 522
740 9
201 771
647 338
381 381
5 816
67 808
287 287
663 663
264 45
351 351
270 270
211 211
398 370
378 291
721 620
103 103
28 28
836 836
22 22
757 550
842 842
320 961
431 952
228 228
890 113
747 747
77 77
327 695
682 682
892 892
26 26
895 895
225 809
437 437
457 483
187 187
718 718
705 705
59 59
448 916
122 122
776 959
24 24
248 248
847 118
552 552
702 702
1000 314
192 308
2 593
374 374
453 82
844 844
826 835
888 888
25 25
170 237
801 801
795 795
875 97
28 387
975 975
216 216
229 229
389 389
183 183
189 189
27 969
858 383
342 360
405 793
507 646
770 915
554 692
559 6
869 956
267 267
769 769
867 867
839 839
222 222
397 397
940 940
935 935
851 922
413 413
675 991
732 732
492 317
351 949
137 29
656 892
875 875
442 442
719 763
688 688
348 348
799 799
306 306
606 606
693 693
437 437
227 871
470 254
69 69
801 898
742 742
784 994
777 777
54 54
127 127
674 674
368 368
827 827
745 551
343 343
180 180
518 580
3 119
380 380
457 457
662 597
384 622
696 696
607 607
981 981
169 169
292 41
218 829
117 947
389 389
895 895
516 516
555 763
846 309
622 726
279 279
296 296
999 963
788 788
932 932
914 39
692 692
323 571
89 834
681 289
852 87
313 693
411 411
851 851
560 812
371 371
966 966
644 644
756 582
562 224
683 683
568 560
794 794
690 953
947 947
406 865
247 247
371 220
343 343
465 465
858 858
363 837
649 649
284 311
434 170
492 492
348 348
852 888
861 861
869 869
226 226
503 503
145 145
916 593
726 582
951 963
662 828
679 679
31 361
19 19
749 609
722 747
100 488
621 83
358 742
715 715
204 283
526 458
834 583
622 328
910 869
989 164
68 68
978 978
678 642
353 732
639 398
29 29
314 314
523 212
249 249
97 328
424 424
756 756
522 395
803 803
556 177
78 243
549 352
595 595
801 49
88 283
294 294
87 975
979 979
647 95
494 125
735 110
250 71
514 982
8 998
820 732
905 905
844 685
619 619
624 624
588 457
813 813
487 487
848 608
4 4
569 569
317 653
690 690
808 681
115 209
880 772
806 24
560 98
67 128
599 250
238 558
520 388
827 827
128 486
938 752
609 609
879 879
682 27
633 633
723 565
596 596
129 725
392 392
69 69
53 809
828 828
949 949
6 6
951 951
505 57
206 206
786 990
534 534
533 645
395 446
667 667
874 110
582 582
486 128
472 174
440 888
109 249
616 332
364 364
732 761
955 748
475 355
640 600
905 905
69 69
455 455
456 456
29 565
125 804
164 164
456 456
851 851
429 420
170 170
302 993
65 200
910 956
516 516
857 857
925 93
103 103
404 404
265 6
707 707
988 724
976 976
788 788
317 289
457 848
358 623
973 973
15 912
588 588
997 129
788 994
595 636
157 28
539 545
844 833
999 999
49 49
536 536
868 423
887 119
845 845
798 814
844 844
776 710
532 532
914 914
647 883
168 168
403 403
513 513
969 723
426 426
935 659
723 723
480 480
860 343
443 443
667 437
395 47
459 459
207 899
478 478
74 426
201 201
580 830
890 455
902 902
422 348
366 366
542 994
88 88
465 703
806 745
189 189
577 542
205 205
831 831
460 740
78 211
980 980
429 429
112 112
321 321
387 387
6 490
578 578
990 766
335 335
262 244
451 451
525 525
711 969
167 455
127 334
612 612
577 118
844 844
128 128
847 847
261 158
53 897
949 677
970 970
849 849
721 721
288 288
596 596
121 121
396 396
375 375
293 293
333 333
243 243
329 329
710 710
725 179
927 241
150 70
153 668
302 302
239 239
605 164
408 945
833 833
670 920
159 218
108 727
434 434
960 954
705 76
375 763
553 553
737 737
634 634
854 962
596 348
816 553
980 896
890 890
807 192
490 760
28 28
615 615
92 92
370 851
865 824
639 639
789 789
910 287
376 955
747 789
444 444
987 329
283 283
413 413
931 365
97 97
71 71
112 112
66 572
815 815
159 720
421 145
947 947
82 881
293 979
59 59
870 249
469 905
250 250
754 754
440 440
187 647
461 87
966 966
867 867
752 361
411 411
757 757
255 881
110 110
750 60
410 633
985 171
809 398
370 370
22 22
325 714
463 463
319 192
889 475
537 139
261 451
976 938
110 110
214 950
183 796
235 235
149 412
538 538
340 340
862 862
793 793
983 428
251 251
163 163
998 998
291 291
496 496
739 739
344 344
573 237
146 146
877 486
330 497
48 89
169 169
570 653
293 760
752 52
518 518
836 836
313 313
115 115
951 951
962 903
16 16
983 343
372 689
186 498
368 90
580 286
931 931
399 399
901 901
921 995
8 8
413 869
796 796
822 808
174 778
22 22
641 641
642 642
66 66
298 639
289 585
288 288
108 810
938 892
745 446
864 670
362 362
146 13
912 365
669 669
280 280
402 884
39 39
171 253
908 35
56 135
96 96
324 230
676 287
381 381
462 285
4 384
407 916
514 573
644 607
542 542
828 694
586 765
801 801
548 953
117 401
382 382
987 33
738 349
309 309
857 988
886 39
398 489
254 254
845 906
82 93
587 484
477 477
825 614
904 211
392 392
541 541
186 434
728 728
2 2
413 314
179 312
697 401
533 533
460 585
336 336
881 881
621 621
521 521
652 652
587 83
453 453
552 432
133 47
533 843
801 801
869 527
440 440
570 570
845 845
292 292
623 623
823 668
679 46
434 434
832 832
71 71
245 635
134 487
789 564
560 560
14 14
648 648
202 202
322 322
847 570
839 336
503 99
317 317
11 11
940 940
98 98
129 181
535 999
361 361
997 751
936 936
610 639
378 378
275 275
63 63
430 430
368 469
183 261
373 14
955 955
918 357
678 587
160 716
487 487
360 360
543 306
261 261
962 962
252 252
124 124
808 808
287 332
619 619
169 169
579 731
402 308
74 346
339 339
258 241
130 130
684 684
79 727
132 114
992 992
53 325
501 204
691 480
233 411
143 143
564 564
747 747
648 94
156 156
20 755
541 479
631 631
603 282
426 426
933 933
276 276
920 696
873 873
397 397
981 174
917 275
257 566
972 972
468 468
906 906
121 106
13 941
821 821
214 998
679 8
222 104
436 436
326 326
226 226
10 64
879 864
490 257
70 70
941 941
909 909
789 789
81 669
718 583
168 656
192 748
749 571
920 204
597 597
921 515
251 251
954 954
70 70
994 994
85 957
478 478
731 731
258 243
770 770
479 479
919 919
666 457
926 231
222 222
629 677
436 826
726 726
961 490
321 321
387 387
578 563
651 430
570 570
375 527
611 611
82 82
131 131
114 135
865 865
213 213
983 983
265 265
815 908
318 318
999 390
80 680
4 388
550 550
971 342
890 890
380 449
256 256
945 945
763 237
938 938
828 828
155 353
477 477
517 797
750 351
94 94
341 341
449 612
338 804
939 939
651 824
605 705
373 36
281 615
805 805
117 117
412 50
641 719
827 827
339 511
533 497
672 672
706 706
352 352
291 291
85 85
202 394
675 990
720 911
304 884
945 548
402 739
600 600
519 519
913 913
918 813
953 846
751 751
756 556
272 272
562 23
484 624
874 874
170 170
318 318
564 560
534 534
173 173
808 808
666 382
664 245
739 657
504 211
216 216
84 84
13 105
838 656
994 406
612 612
138 740
974 974
402 402
895 143
413 504
606 597
898 445
633 911
27 27
248 248
391 993
85 519
620 620
754 985
505 505
974 974
138 765
497 968
686 686
797 380
805 805
154 154
48 8
958 958
491 949
845 845
680 26
991 940
735 735
294 294
60 60
890 890
956 432
938 694
173 173
310 721
7 97
504 504
892 316
344 344
636 393
153 675
173 225
91 91
377 422
311 311
725 725
160 907
373 870
562 562
817 817
584 584
827 827
792 570
168 673
542 542
464 464
829 549
109 109
950 801
562 562
323 323
369 671
283 283
580 63
259 259
20 799
190 201
644 570
770 327
403 403
374 374
52 52
277 638
919 919
190 239
197 565
199 216
46 809
129 197
871 871
411 31
368 368
609 609
246 614
506 668
284 284
359 31
349 349
341 717
845 16
212 75
619 619
108 463
847 847
397 624
777 777
873 873
377 587
3 3
935 765
513 37
1 41
416 586
237 237
6 396
118 118
234 234
918 918
71 71
261 261
820 390
51 51
262 262
848 848
497 497
478 983
669 361
682 682
984 984
494 472
157 157
261 261
406 527
78 78
989 989
473 502
920 920
190 190
785 785
848 848
335 335
45 250
712 712
679 358
374 374
723 723
48 413
559 559
263 130
535 535
300 87
632 704
763 517
755 755
798 798
101 101
888 688
604 846
113 428
809 809
730 730
984 984
466 466
804 565
157 230
648 923
870 870
84 467
857 857
278 142
337 337
892 892
216 477
197 197
974 974
544 544
641 19
869 741
783 783
789 789
270 157
679 679
687 687
481 452
184 643
124 573
223 223
260 665
373 373
899 899
368 348
864 864
824 487
346 346
579 579
790 263
414 414
111 872
807 690
471 471
714 714
337 470
356 356
86 86
700 907
726 726
470 470
129 4
27 27
299 299
90 90
386 49
962 962
100 100
776 284
831 831
494 817
35 35
481 575
356 356
397 397
643 643
488 464
850 850
798 217
306 306
805 805
450 942
803 803
906 906
317 317
522 522
648 168
677 622
438 438
83 83
202 202
438 438
645 981
355 479
723 210
76 76
623 623
445 445
146 826
498 498
458 62
428 428
704 872
649 10
319 117
234 58
472 667
996 996
525 525
560 560
185 549
740 182
945 945
158 158
995 966
104 104
243 703
989 989
647 625
939 939
298 298
712 858
769 481
410 89
35 35
764 764
984 31
441 313
691 691
533 690
839 46
403 403
318 931
837 837
935 150
189 515
883 883
530 530
241 679
9 1
889 967
633 633
276 1000
148 148
469 640
416 416
945 843
841 32
49 49
46 967
791 791
167 167
174 938
118 392
970 133
882 712
884 884
798 798
856 500
557 995
270 270
742 706
142 430
896 896
105 105
967 409
980 494
320 320
27 835
376 376
87 87
16 16
679 679
552 40
528 352
114 114
730 730
875 521
108 97
242 534
352 352
29 29
212 221
398 351
769 769
410 606
250 250
577 383
176 115
566 566
16 16
37 37
559 345
717 177
986 14
207 510
585 585
46 46
546 546
555 555
787 968
762 777
642 642
974 974
381 368
23 830
861 861
712 712
697 697
718 227
120 556
691 985
874 864
214 422
938 938
806 806
983 521
826 826
695 895
23 898
760 760
429 429
489 489
174 365
807 807
976 976
559 559
883 407
809 809
353 673
679 679
316 316
547 394
656 656
462 462
701 701
689 689
180 230
169 169
755 755
558 842
696 696
917 796
803 803
188 188
451 713
684 684
587 587
337 337
893 439
337 15
797 797
95 59
779 779
472 663
681 681
772 451
699 699
406 522
449 449
681 289
24 24
64 64
909 477
528 406
537 233
103 368
887 887
869 29
826 370
619 619
383 383
13 13
65 65
836 836
182 340
56 558
209 17
208 208
331 331
126 126
282 326
17 915
298 692
632 632
760 760
203 153
878 409
858 430
598 598
243 243
825 334
955 103
222 372
638 638
44 44
456 614
402 2
62 62
12 12
770 770
427 857
107 107
316 316
13 13
761 359
575 907
388 388
440 440
412 412
808 905
692 692
610 935
695 935
939 256
78 78
334 334
459 459
978 978
972 972
952 952
701 701
709 709
774 774
458 866
629 631
632 632
304 450
139 139
17 17
517 517
792 667
855 177
942 942
28 28
802 802
688 157
988 71
516 766
230 230
385 385
401 401
74 74
630 630
914 914
285 985
80 721
202 202
646 172
118 860
174 745
235 49
827 827
650 650
148 31
749 459
732 732
969 969
373 373
856 10
101 101
365 373
568 568
80 80
951 951
489 489
765 765
203 768
276 77
766 766
214 51
837 837
665 665
389 300
32 142
358 810
834 686
870 916
270 270
197 197
687 687
409 862
10 10
22 816
333 683
331 57
851 453
591 730
444 444
64 131
786 613
518 907
627 696
591 569
455 455
526 134
684 684
119 34
60 490
169 766
871 871
942 942
70 794
400 400
563 563
276 276
165 165
909 220
673 673
931 92
404 294
402 756
886 886
210 939
905 905
699 470
425 899
750 750
716 376
128 128
301 301
478 478
707 707
242 242
540 540
922 562
937 937
700 433
892 385
319 319
239 239
943 328
586 586
179 879
804 460
127 362
661 936
900 900
225 535
555 555
995 995
824 838
861 861
841 841
864 688
846 326
409 964
815 297
782 782
575 575
530 232
793 793
702 719
912 912
332 332
743 181
957 957
836 836
460 313
351 436
544 544
1000 492
984 984
828 216
125 405
541 541
520 82
412 489
667 259
816 816
902 902
333 550
759 34
492 492
422 482
11 11
945 945
913 29
552 552
317 317
954 595
987 888
934 759
703 703
159 159
310 30
866 105
383 383
262 852
479 479
192 680
54 521
610 22
165 165
514 373
924 915
187 187
528 528
49 916
593 593
641 524
490 490
384 384
876 834
862 312
664 328
119 119
750 750
111 590
664 945
864 864
490 830
720 928
484 484
494 675
915 915
395 395
756 932
151 151
361 361
95 547
386 386
456 456
666 86
714 714
624 579
30 882
378 303
556 556
896 675
422 614
399 283
457 457
607 958
474 798
414 414
597 597
383 383
923 185
334 334
947 947
63 506
939 939
939 939
165 165
579 806
303 303
586 636
64 333
754 754
554 491
151 137
710 710
191 191
932 932
519 519
357 357
796 796
702 899
346 238
718 903
232 28
172 172
289 289
378 922
450 580
499 499
755 755
24 24
490 490
191 304
458 458
871 871
71 71
63 868
407 468
282 529
381 381
83 83
288 288
663 663
204 204
310 971
549 549
337 174
347 446
365 365
301 903
927 56
130 384
811 811
791 384
341 341
647 880
727 400
862 766
841 841
124 124
304 304
851 55
396 396
781 781
461 247
523 523
95 95
851 851
776 400
350 350
566 566
915 915
659 659
313 554
576 82
79 79
441 915
104 283
493 493
351 147
2 2
917 790
66 66
317 317
794 613
693 693
484 178
842 842
140 899
534 534
992 116
520 520
206 899
967 299
858 858
14 14
645 645
373 521
759 759
370 370
161 161
921 141
992 735
895 865
544 544
916 455
218 27
138 267
503 503
935 779
907 907
648 436
251 282
436 483
283 283
843 648
822 822
321 321
331 331
606 606
552 552
787 787
520 520
716 716
579 579
849 899
355 907
576 576
684 59
670 670
367 367
547 29
309 309
396 385
417 684
884 468
429 840
313 573
890 890
696 696
11 605
349 438
495 759
792 732
127 814
818 356
590 273
839 969
409 72
679 294
749 688
965 965
818 269
567 567
727 411
277 459
851 851
40 40
833 833
410 410
230 209
134 134
456 481
443 939
659 517
258 258
960 960
400 293
315 315
330 593
551 551
208 781
783 626
596 355
866 866
365 365
428 196
214 214
302 332
269 35
870 870
124 124
350 350
415 39
813 813
960 855
76 76
472 472
640 640
606 18
719 719
377 377
999 999
497 497
533 533
745 745
475 988
234 234
570 591
916 916
438 70
343 343
29 65
517 241
788 788
950 950
42 506
580 268
646 492
198 895
597 969
339 339
625 651
810 810
384 384
554 845
206 206
6 6
13 931
626 570
380 380
721 536
502 210
836 72
390 390
649 399
86 593
792 810
601 594
63 456
459 341
707 944
888 110
559 541
601 103
619 688
224 189
152 791
220 26
696 199
319 319
20 20
564 564
260 30
508 508
747 747
783 463
698 698
699 861
637 375
39 141
422 422
937 937
745 745
519 519
531 423
146 531
795 431
838 427
334 334
285 291
479 264
737 737
307 200
979 979
924 924
630 630
476 637
708 792
569 569
634 634
197 107
672 672
435 873
117 117
236 851
818 818
693 693
73 589
438 438
612 121
426 472
981 680
97 68
542 39
89 211
178 612
467 290
600 968
231 326
745 835
232 232
188 188
149 149
15 799
186 186
545 588
30 30
598 598
316 316
232 31
588 588
781 781
369 369
527 221
792 792
506 506
810 810
990 250
910 910
156 156
35 36
467 467
480 428
70 542
644 644
759 759
837 837
215 215
475 475
708 774
435 435
833 833
754 754
552 552
846 846
617 283
289 289
183 865
51 51
261 261
690 305
105 199
674 674
546 54
900 934
901 335
993 932
352 352
863 989
303 303
996 996
528 40
744 476
556 556
606 632
336 336
495 495
400 400
296 504
183 317
172 172
928 870
333 333
172 870
561 403
517 517
558 671
396 396
950 950
566 566
799 768
60 60
435 682
941 941
880 370
642 556
900 900
170 170
648 648
574 689
602 602
62 790
600 530
489 489
653 653
573 573
924 924
174 359
550 550
76 363
559 559
28 721
599 599
484 484
786 786
567 567
997 794
972 481
711 13
834 631
621 621
323 357
122 910
777 777
172 172
940 102
391 500
137 680
417 417
48 263
442 442
962 962
328 328
523 523
842 842
252 722
49 49
622 622
102 102
601 601
936 936
87 87
574 184
221 221
653 653
967 184
808 808
356 356
406 633
772 772
141 185
213 213
165 925
93 100
858 858
258 190
262 262
554 554
812 474
495 495
516 763
122 132
346 100
185 185
506 506
979 979
138 138
813 813
613 340
769 769
420 542
699 699
326 326
704 471
85 228
271 271
56 71
296 296
983 983
682 525
51 51
203 203
12 970
161 641
930 930
752 294
996 996
751 743
665 665
474 474
824 844
753 864
517 517
625 625
763 763
348 348
598 337
190 531
38 38
655 655
841 841
251 890
947 947
926 49
555 457
697 697
103 103
73 73
391 391
770 75
797 720
754 754
653 455
241 510
470 383
900 105
151 877
449 449
427 533
337 337
258 258
955 222
670 878
699 426
499 967
844 844
680 680
268 893
619 619
313 313
518 518
570 5
557 240
837 837
981 876
296 296
75 49
533 540
886 886
287 769
834 834
778 3
78 118
574 456
101 36
769 629
188 188
62 586
147 692
332 332
652 652
437 437
950 950
189 189
68 932
242 144
188 991
817 817
393 393
323 750
992 152
720 244
430 430
215 215
666 944
477 477
486 486
123 389
556 566
991 991
112 112
995 607
778 778
7 7
437 584
648 481
989 989
892 892
305 305
638 638
1000 379
98 48
124 124
254 254
771 771
520 520
568 568
921 921
149 395
622 622
528 528
759 428
82 82
565 565
285 12
271 271
554 554
621 621
967 331
226 226
265 390
874 699
181 561
130 130
668 907
467 467
327 529
190 974
281 281
180 939
569 569
469 427
243 433
453 453
707 707
810 810
107 107
306 306
258 258
825 825
451 219
605 242
907 531
60 428
820 637
672 672
522 377
552 126
909 909
744 122
743 391
840 840
316 534
600 539
596 596
401 401
254 446
408 663
981 981
602 584
450 450
859 747
771 574
58 1000
665 940
682 682
648 648
822 218
430 430
144 144
680 680
4 4
928 947
617 492
682 364
577 130
410 515
699 495
196 994
609 609
59 59
827 610
475 475
743 324
857 857
870 870
783 783
150 567
196 196
630 630
631 259
686 686
882 882
962 962
66 66
879 981
512 512
542 556
426 986
876 316
370 370
600 703
852 852
425 425
564 73
406 406
522 522
683 258
71 71
647 389
102 969
419 239
128 128
287 287
284 609
829 716
774 840
340 340
675 74
724 435
17 17
225 81
769 256
181 155
195 432
675 675
331 331
751 751
504 810
352 522
977 272
839 857
668 133
605 157
349 349
598 597
269 269
748 961
670 670
28 915
478 699
311 962
942 942
923 923
292 174
10 10
109 109
168 894
643 340
716 716
501 501
249 249
907 907
728 728
865 627
499 499
835 835
231 231
151 151
298 298
57 961
529 55
767 923
832 832
607 547
785 684
614 851
885 885
153 153
207 544
522 522
588 588
844 844
665 671
971 971
167 13
568 568
911 911
678 678
719 975
730 512
745 745
358 358
326 125
702 702
444 444
906 518
838 626
237 952
420 420
885 885
74 624
630 190
136 136
111 111
111 111
240 653
378 234
446 446
950 950
234 234
512 400
691 253
545 545
589 167
205 205
166 166
567 567
611 611
126 327
537 250
179 179
415 415
44 44
713 858
214 992
279 279
85 85
403 869
16 16
652 652
195 405
942 942
257 257
461 461
926 926
196 196
240 240
714 333
392 392
554 702
181 756
728 728
378 378
895 895
706 541
902 448
794 794
326 302
872 53
125 991
996 471
63 63
304 47
526 459
675 675
613 280
719 749
17 17
315 56
868 868
137 171
916 266
570 570
304 560
15 15
319 319
70 70
353 384
799 799
578 995
703 716
412 412
381 381
982 982
761 550
484 484
515 515
386 386
129 767
439 633
745 745
521 521
611 376
5 486
607 592
432 880
978 978
291 291
69 677
142 278
277 277
870 870
178 178
826 761
197 197
279 279
460 726
385 820
797 797
188 188
872 899
692 692
883 219
394 394
919 919
897 897
998 998
2 81
577 153
688 688
724 724
736 531
33 462
924 270
352 505
909 481
616 616
97 97
530 913
666 666
907 279
865 865
770 770
247 332
558 558
971 971
727 372
553 553
184 184
583 419
975 303
985 921
128 128
595 595
611 611
203 203
123 123
840 973
719 719
487 487
254 964
940 940
580 580
116 831
513 473
260 260
228 760
67 195
675 682
105 105
798 798
660 660
933 933
994 994
875 929
170 41
460 848
999 999
644 175
511 114
789 789
462 462
234 411
957 918
357 357
284 882
795 185
36 36
314 314
893 893
536 184
103 118
66 580
58 58
791 39
110 344
12 107
568 5
633 633
775 898
334 334
730 383
27 27
375 813
849 604
832 51
570 570
915 16
23 389
345 345
411 219
697 124
96 96
519 519
104 885
489 489
212 212
498 498
581 299
691 339
590 930
211 211
641 76
59 59
426 426
345 216
924 202
319 319
284 284
198 186
267 498
138 138
530 197
347 114
475 319
732 896
145 145
208 208
144 969
592 439
1000 1000
76 76
844 312
776 776
319 319
235 235
245 250
968 594
944 944
645 368
608 608
351 102
316 695
429 540
10 10
543 703
50 603
152 405
450 450
534 534
737 868
425 425
966 233
802 802
757 369
135 228
697 697
18 18
985 397
676 912
415 415
256 750
853 415
102 102
780 780
51 51
183 521
849 172
555 948
995 513
466 466
238 236
195 195
297 350
677 771
158 15
88 88
870 756
767 767
619 233
932 557
956 621
42 435
410 105
779 779
842 842
110 791
306 306
521 627
739 739
587 587
127 127
221 221
534 21
189 990
441 441
103 30
639 644
230 779
810 778
633 633
694 306
844 370
119 119
849 849
617 617
176 462
857 951
761 761
174 157
47 47
474 474
882 882
908 714
392 392
135 135
147 147
892 892
715 715
13 150
7 208
676 676
205 205
390 459
737 771
152 152
306 306
216 216
520 520
831 831
592 592
30 30
165 165
578 40
584 256
513 512
142 142
201 943
572 5
470 690
451 451
248 452
162 905
133 133
901 901
528 528
36 36
654 654
428 478
339 339
280 917
277 277
804 804
965 965
283 213
384 384
557 940
562 250
249 249
133 133
195 195
380 287
405 405
39 39
208 809
736 564
796 578
268 268
912 989
218 218
947 899
19 800
873 861
129 728
269 269
258 301
451 714
509 129
839 771
131 396
815 815
801 90
130 130
153 153
165 118
55 55
607 607
293 281
901 901
752 752
392 830
237 155
535 535
719 149
88 454
168 443
212 563
911 559
653 653
74 444
656 157
160 160
466 466
651 319
827 504
137 137
191 471
732 732
112 112
692 692
375 546
64 35
449 449
23 23
801 801
599 599
709 709
601 601
750 704
899 899
262 262
170 170
891 891
192 192
44 44
391 391
990 990
318 318
201 201
39 564
245 245
404 404
888 888
39 605
627 737
360 360
978 802
674 674
910 910
237 237
217 613
565 565
822 787
326 771
309 309
76 564
429 504
314 314
321 275
204 986
580 580
179 179
489 983
243 243
143 143
642 642
418 418
933 933
52 52
970 970
306 306
118 118
812 246
141 141
483 483
458 819
105 105
738 939
237 863
794 794
275 508
553 553
244 244
848 139
969 969
187 187
244 244
294 294
511 571
744 383
481 481
320 106
338 501
912 912
975 100
359 359
926 312
337 392
824 824
44 949
75 75
857 857
550 785
678 472
398 336
390 153
166 166
72 72
904 187
715 715
773 235
422 422
696 210
198 27
407 407
963 785
709 934
489 489
750 998
594 991
503 503
982 626
198 198
71 71
527 95
324 324
478 478
731 731
110 925
676 806
450 321
835 835
678 678
224 79
223 643
50 59
128 52
829 829
327 327
143 841
142 142
148 837
218 213
877 877
189 766
768 768
399 85
346 346
867 867
156 943
764 677
917 917
848 848
985 872
345 345
276 658
742 161
688 772
231 231
62 62
817 203
844 387
246 357
315 315
257 410
553 553
859 9
4 4
106 852
433 469
959 246
524 52
688 388
323 812
446 446
962 962
557 94
988 913
924 399
819 819
734 444
734 91
623 623
982 73
248 885
102 237
864 864
324 324
183 183
510 564
234 434
548 215
588 359
722 275
42 42
36 36
900 316
783 783
365 365
548 548
434 867
5 488
413 963
993 993
365 365
230 971
472 472
949 949
472 334
764 764
230 230
730 340
185 185
570 743
719 762
769 554
210 210
965 965
876 876
898 898
211 363
669 669
96 810
807 263
347 347
655 655
389 619
172 372
22 22
302 302
217 217
568 568
335 606
427 427
25 25
150 633
105 80
822 822
354 582
764 764
402 402
164 421
354 354
444 444
827 827
125 383
55 611
573 926
20 20
473 657
691 691
138 138
600 334
86 86
435 435
68 228
397 307
162 327
728 728
227 227
554 17
472 472
380 380
487 487
984 887
275 275
863 863
622 698
860 171
54 54
554 877
913 614
380 380
314 314
454 454
375 375
292 110
595 456
804 804
428 428
939 823
934 934
731 731
298 189
592 592
58 291
602 773
553 507
628 990
880 880
596 596
915 915
49 303
164 488
388 388
794 794
297 297
103 103
580 479
847 847
436 436
755 886
967 885
62 62
577 577
332 709
300 300
5 637
60 307
352 234
701 700
38 38
655 140
291 291
96 96
60 60
727 727
975 36
930 930
711 675
578 462
509 509
513 513
226 226
179 179
519 9
634 874
206 206
171 792
278 278
470 29
335 702
85 85
1000 1000
425 847
884 32
899 899
376 376
846 282
381 927
16 16
17 17
324 324
22 22
577 577
270 76
644 95
828 105
313 313
668 227
369 929
191 117
859 859
353 353
471 471
290 210
427 427
441 402
567 450
947 11
538 937
648 648
515 515
538 599
137 176
656 437
474 762
696 696
807 807
327 236
158 724
931 931
86 86
282 896
488 488
421 124
199 199
552 758
309 940
285 285
866 866
753 753
564 564
744 757
972 972
841 432
990 990
107 107
343 720
45 45
14 276
533 847
912 912
158 158
841 425
162 162
568 603
328 328
185 19
555 555
691 1
805 71
871 871
436 436
913 564
891 891
136 874
831 831
640 47
728 728
988 988
212 212
880 211
447 447
828 828
825 471
776 776
271 267
620 620
257 257
256 256
459 89
181 95
859 474
274 993
853 853
895 766
210 210
655 912
232 232
587 801
184 184
233 458
438 438
515 17
103 930
9 748
138 241
340 791
153 153
805 805
590 796
249 751
722 217
240 240
463 295
281 214
620 620
950 360
619 619
999 999
624 868
967 967
209 212
386 386
585 585
889 608
371 371
333 333
720 720
801 801
250 507
728 882
248 248
120 120
358 358
361 361
313 49
456 456
470 545
554 741
220 220
177 150
46 46
37 37
347 290
28 218
865 865
542 542
379 379
979 979
298 298
24 24
588 588
133 133
20 664
171 171
601 601
850 850
129 899
617 628
335 335
196 28
230 230
103 200
760 760
442 442
918 627
139 110
241 241
198 198
601 383
872 937
305 305
19 343
464 411
831 831
730 576
891 891
76 225
681 681
916 494
370 370
713 639
492 132
104 104
846 846
372 372
539 539
611 611
390 668
715 715
642 967
189 43
4 4
836 836
103 103
844 844
747 747
764 820
985 71
321 321
786 786
477 208
414 95
599 599
216 216
941 941
381 567
64 64
622 622
328 531
870 656
398 398
474 691
714 561
709 900
684 684
151 47
951 951
39 39
160 160
263 789
964 315
564 364
657 974
500 117
53 53
792 792
75 989
28 522
387 143
707 707
504 777
131 100
963 935
676 676
471 471
871 871
801 801
412 412
825 581
210 210
303 864
897 241
387 387
510 465
783 386
143 143
355 72
595 595
5 235
906 333
471 471
502 36
841 841
580 580
214 214
518 518
186 60
687 687
224 262
884 884
898 898
344 83
20 20
442 919
333 333
66 586
341 777
709 709
486 850
282 597
140 140
450 253
145 822
920 920
395 395
671 671
218 218
940 940
460 460
374 61
208 229
242 434
163 163
616 648
58 58
607 262
142 142
275 577
986 986
358 281
704 704
288 122
370 370
808 808
290 34
392 392
112 15
438 438
922 502
126 318
827 812
570 338
9 9
476 476
60 933
872 872
952 952
212 248
796 796
551 42
349 349
785 785
692 692
240 345
43 43
910 910
86 86
442 434
222 37
628 793
943 943
546 444
722 742
775 775
183 842
900 857
386 386
775 775
184 846
557 257
986 362
382 778
707 707
336 336
616 616
617 617
178 178
873 383
470 201
207 21
431 431
744 513
777 777
361 361
900 900
226 226
857 274
717 212
660 616
483 483
373 811
984 984
333 333
441 441
25 25
351 670
881 707
800 591
328 328
959 959
165 654
622 622
845 845
589 589
725 561
571 571
591 591
872 872
882 636
108 108
560 794
198 239
326 326
587 398
906 906
542 939
560 448
674 596
380 205
900 900
978 978
976 975
25 25
358 968
390 519
110 110
953 953
382 382
123 123
518 638
733 733
453 453
937 937
977 977
221 4
180 180
636 636
289 620
335 873
11 11
138 391
692 692
702 247
178 546
192 192
228 228
150 585
494 494
865 576
868 868
682 682
989 989
424 44
208 208
483 653
448 84
849 89
576 138
452 563
320 856
200 200
717 162
682 670
304 276
866 866
684 665
474 280
688 688
874 786
47 47
937 937
144 513
37 37
953 778
224 268
779 779
462 462
779 844
77 524
991 566
725 741
611 611
88 88
622 622
563 563
988 988
374 374
6 687
280 280
395 395
720 28
698 41
332 3
180 180
331 331
190 190
915 915
555 555
56 56
312 251
397 621
703 376
466 466
397 590
308 659
474 474
324 227
690 522
699 820
633 633
760 760
432 822
332 332
93 93
511 757
488 488
783 783
760 157
402 402
912 209
628 417
420 291
470 470
569 569
588 588
435 413
796 859
314 314
706 1000
929 929
878 259
389 389
280 280
472 472
714 714
673 673
820 243
264 324
825 106
792 792
898 541
891 891
939 939
623 623
609 261
81 663
798 107
370 332
410 511
604 456
637 241
281 879
475 475
217 217
317 411
101 101
152 152
910 910
85 590
798 798
974 613
161 153
64 662
420 420
287 287
962 725
190 869
639 639
803 530
742 847
834 834
154 587
605 499
856 163
85 151
282 282
130 443
732 732
553 156
273 273
289 289
386 246
93 436
69 339
859 859
860 684
745 745
649 649
435 685
560 560
534 789
703 812
606 606
747 747
347 833
651 731
496 746
57 57
541 541
857 857
348 746
429 429
776 927
254 254
45 45
475 905
926 926
175 251
479 479
70 873
633 633
385 260
552 552
592 592
775 775
971 162
896 896
662 662
969 492
772 533
128 128
427 512
158 766
226 226
808 808
71 71
776 776
582 582
764 764
429 142
738 738
203 203
842 842
77 77
595 232
803 710
996 996
368 368
41 839
492 884
12 12
815 708
59 59
786 733
874 982
999 999
207 758
19 187
650 114
909 700
838 189
721 406
481 544
169 555
673 818
916 905
386 386
930 930
298 737
986 986
999 999
146 146
414 414
856 856
636 636
692 692
931 931
424 477
324 800
938 764
432 432
169 95
522 291
214 51
473 473
581 604
237 111
70 70
914 340
674 898
231 915
848 848
848 848
917 573
335 335
154 154
582 356
175 655
933 933
401 334
117 117
108 782
477 151
885 71
397 397
314 692
947 947
924 924
299 809
833 212
395 395
337 337
708 805
690 690
748 748
326 326
9 9
142 142
281 462
744 422
825 316
725 725
748 699
989 989
959 314
590 578
794 157
3 503
172 172
152 434
588 588
512 223
847 847
250 250
891 265
904 625
899 766
524 345
741 446
552 552
203 871
333 646
956 661
626 243
733 201
514 819
343 40
53 3
398 616
668 727
943 799
724 724
917 322
958 495
6 602
446 446
518 518
330 330
117 578
947 930
460 337
238 280
952 952
767 767
811 265
648 635
336 147
668 668
231 231
151 676
968 295
935 820
158 882
947 225
283 283
188 188
473 473
306 262
688 577
91 822
421 844
210 102
431 354
448 734
253 253
419 210
456 456
964 964
558 558
6 6
274 32
809 809
564 466
3 3
349 214
162 538
110 545
769 769
206 206
729 729
363 129
41 406
74 501
414 330
156 156
586 586
155 155
792 792
729 235
854 854
694 694
971 164
257 257
246 246
412 412
926 447
234 524
219 219
560 560
912 912
806 246
196 196
859 826
852 369
248 813
997 421
958 312
457 457
315 315
825 652
333 151
419 491
661 661
806 806
564 564
332 332
168 168
131 418
623 971
223 223
535 535
176 176
979 979
289 289
630 121
196 977
984 212
687 687
114 114
780 715
340 17
854 259
876 876
130 425
504 504
208 274
358 358
890 33
320 959
517 517
413 553
435 435
502 867
988 370
336 336
817 817
957 434
100 394
885 885
574 348
405 831
458 458
280 630
534 848
472 472
546 902
137 137
179 179
251 251
279 279
340 819
692 689
838 747
221 221
522 36
168 168
898 477
92 92
635 635
313 367
940 940
177 560
734 61
222 222
675 675
352 24
698 486
957 141
7 7
497 497
305 260
35 35
951 537
516 877
482 720
203 203
510 510
178 178
690 690
246 246
23 23
141 210
834 834
936 535
998 253
978 978
100 100
735 847
622 622
577 577
337 337
303 301
391 391
209 579
655 655
157 885
956 799
456 456
418 231
17 100
715 715
130 130
223 791
855 855
616 616
77 77
417 848
397 422
442 442
827 543
110 110
229 517
747 970
514 514
587 562
349 529
954 954
406 406
654 654
142 142
470 703
442 442
616 848
110 110
21 21
979 729
442 442
808 369
688 383
898 898
862 765
367 245
485 485
137 727
248 248
763 135
656 330
644 644
48 804
526 749
995 995
615 615
441 441
112 112
847 847
342 342
153 153
693 693
998 998
127 469
555 555
742 83
457 173
948 453
589 416
735 735
588 977
182 182
391 959
557 557
965 316
683 657
102 102
478 478
796 796
414 835
352 352
198 198
954 669
31 31
164 164
634 944
320 920
689 689
433 433
320 794
111 944
575 575
325 325
541 541
799 799
139 139
464 464
930 404
535 535
400 961
429 831
602 602
892 880
577 577
244 244
491 644
95 95
468 468
320 320
819 910
538 568
572 91
796 796
216 216
265 265
673 673
660 660
616 616
888 589
229 229
334 946
518 518
27 97
857 431
473 473
673 673
771 771
471 471
163 163
818 818
146 140
704 704
328 743
892 789
777 812
977 977
826 29
928 928
242 96
205 205
228 697
101 492
636 636
532 786
511 231
736 308
566 566
229 229
342 290
9 9
366 366
88 88
234 357
988 988
662 662
588 368
434 38
138 138
493 334
543 543
373 436
342 996
877 877
862 552
716 386
748 56
843 843
75 75
896 453
336 409
991 656
905 335
943 634
729 729
751 751
854 854
268 268
181 181
64 64
755 755
875 440
964 964
732 732
341 341
239 239
953 953
275 275
335 964
690 690
621 264
975 16
667 255
776 776
282 282
131 65
787 787
950 950
401 820
224 155
612 612
855 43
682 682
308 308
33 469
269 269
71 491
564 810
530 530
61 61
52 52
679 632
728 728
521 521
170 170
28 836
698 193
134 134
420 420
718 718
736 736
898 898
77 77
34 34
986 986
728 728
387 387
263 417
748 748
258 195
819 929
278 278
450 209
697 697
511 511
35 629
366 70
579 717
29 211
103 103
336 587
609 887
344 344
667 58
674 724
229 713
280 280
633 334
411 411
750 750
204 597
51 51
724 724
689 122
658 658
333 333
975 28
187 187
602 785
932 932
828 765
247 696
547 290
599 862
551 551
639 982
978 419
50 50
613 814
110 110
667 667
307 307
683 442
688 688
981 981
786 786
80 466
981 981
324 324
131 131
564 564
949 949
604 604
647 647
281 281
15 15
472 472
658 658
866 103
738 738
363 548
950 950
379 379
732 732
46 247
648 606
676 559
48 48
551 358
730 730
81 81
714 714
722 722
142 630
278 196
396 16
837 321
540 99
2 2
508 508
434 434
289 777
257 111
254 254
413 413
301 301
948 379
586 677
424 346
890 309
349 931
699 699
373 721
937 937
326 502
125 125
429 238
75 562
601 835
368 368
873 873
785 785
241 241
229 766
738 738
683 683
219 7
627 627
382 382
815 815
85 658
32 32
390 390
266 386
633 633
55 55
66 66
499 316
991 702
875 875
796 227
310 64
662 445
158 822
633 633
857 188
559 559
766 838
312 945
213 296
811 435
606 350
605 605
5 5
354 354
661 637
155 31
334 23
695 695
796 796
560 169
513 857
71 394
326 241
4 4
690 659
881 881
342 342
722 722
127 936
235 658
404 404
3 245
63 873
900 900
379 432
462 462
929 929
72 72
593 412
693 693
561 618
642 869
604 105
160 497
120 67
619 619
243 243
201 201
844 546
924 924
175 175
316 316
26 412
97 97
339 511
564 59
54 54
405 405
849 849
929 929
409 409
618 628
965 364
971 364
120 120
750 719
22 22
474 474
965 434
16 80
784 784
903 903
938 872
916 665
722 606
599 599
131 131
103 103
512 512
916 916
213 213
734 734
718 176
608 319
877 877
455 455
438 438
205 408
923 734
493 493
820 820
363 291
959 959
22 22
943 324
321 321
580 997
874 455
886 501
681 681
5 5
366 483
707 707
847 847
955 33
979 979
450 450
533 533
586 137
958 231
538 981
290 607
76 295
60 737
521 73
653 653
112 559
691 691
483 620
61 61
399 796
399 544
71 71
654 654
531 891
942 942
853 608
167 873
55 55
71 691
927 217
421 421
403 403
680 402
141 141
590 57
20 20
576 273
873 873
656 656
741 741
14 553
1000 284
263 340
679 741
399 399
28 21
797 368
942 942
825 658
571 857
414 332
836 836
114 757
362 901
125 94
328 328
632 35
323 205
951 141
806 806
929 929
52 662
298 298
210 797
346 882
759 759
773 773
693 706
817 817
145 145
391 391
949 938
575 575
856 829
133 133
858 858
728 632
928 273
377 681
317 693
650 650
682 300
67 648
992 992
14 433
96 96
55 788
972 972
859 751
634 634
199 199
626 626
333 333
923 897
173 143
614 750
714 827
345 917
516 132
125 125
210 208
640 23
632 632
873 873
141 649
799 799
481 505
705 593
163 42
551 551
112 704
265 265
716 967
997 997
669 669
966 966
990 990
597 597
681 681
587 781
128 812
233 233
278 278
811 811
760 760
628 414
689 689
389 389
248 710
255 255
841 841
173 173
619 1
499 710
367 591
594 594
500 500
600 600
974 328
288 904
93 155
969 848
71 962
133 222
748 748
594 914
258 41
265 265
106 106
653 653
393 677
986 986
353 353
642 642
398 398
150 538
190 445
221 903
971 971
210 478
481 481
368 170
748 520
732 863
320 374
289 895
147 147
70 719
686 686
734 313
988 988
345 177
669 669
788 788
208 208
169 169
38 38
881 881
609 421
367 367
291 53
387 387
654 322
514 514
119 119
83 21
667 667
196 196
707 909
360 360
377 975
530 530
937 937
521 521
971 154
55 895
885 885
549 146
809 33
707 513
983 52
922 47
257 257
745 745
95 680
590 590
413 413
436 436
488 688
361 841
560 560
260 260
534 707
659 963
259 123
960 960
959 959
801 801
307 662
876 930
23 809
893 893
81 245
868 868
204 482
916 916
496 321
149 786
530 325
830 830
783 199
470 470
158 158
122 380
253 37
448 147
474 17
453 453
3 3
277 563
755 472
420 420
825 825
459 735
694 737
723 897
682 574
252 229
606 606
124 41
932 985
63 63
127 811
892 892
137 670
210 210
914 914
639 639
387 189
402 402
263 263
397 678
603 603
231 44
688 456
42 42
511 511
424 689
377 377
430 711
461 478
631 631
931 199
642 450
538 568
224 209
545 758
124 124
2 614
666 378
933 933
285 540
247 247
386 386
976 219
245 318
905 905
543 543
173 173
995 995
396 396
611 590
743 362
607 607
407 407
559 559
745 745
544 544
281 281
213 419
567 567
969 52
519 519
245 245
867 951
883 905
867 794
277 786
256 256
531 531
688 620
717 16
224 700
788 93
815 988
279 279
366 549
127 769
817 894
354 354
511 511
741 741
866 163
116 116
689 957
531 686
322 322
300 300
890 890
277 277
857 532
309 309
489 73
50 50
531 607
542 542
445 445
33 689
622 987
692 692
921 921
507 507
772 772
32 32
231 40
592 38
180 893
420 420
707 707
959 902
807 807
343 343
53 728
642 635
53 494
433 433
683 683
501 501
39 908
392 234
824 824
606 606
100 100
935 531
428 428
705 279
59 59
616 24
829 837
902 902
836 89
421 421
624 624
912 160
975 247
301 555
754 754
682 439
169 334
188 378
256 256
639 170
887 499
608 608
131 131
366 418
116 44
691 691
381 381
383 206
364 364
250 250
732 732
235 235
867 87
183 183
908 651
120 419
650 671
927 927
437 437
293 293
565 357
521 521
473 473
314 703
308 308
172 859
720 720
222 222
421 421
359 359
291 291
286 903
806 267
616 192
213 213
509 691
867 867
66 66
128 128
939 939
528 481
311 479
352 468
940 940
252 252
30 30
220 220
909 909
369 369
936 361
218 191
750 750
365 415
165 165
994 125
367 804
538 330
166 924
500 36
430 430
241 241
378 378
692 607
984 984
914 914
832 878
946 946
208 632
820 820
990 396
213 213
860 860
303 386
405 175
467 514
418 418
700 700
882 882
900 945
904 904
720 720
194 433
400 474
418 988
533 50
817 817
809 925
533 248
917 143
317 288
45 45
808 808
53 53
574 210
921 834
803 936
520 520
914 99
1 420
27 747
451 451
192 192
860 860
58 58
668 668
872 622
870 870
551 597
2 2
371 534
627 592
150 150
378 378
944 233
638 61
440 714
613 882
607 524
343 343
364 364
717 253
174 174
578 578
664 256
560 200
310 310
136 136
631 665
255 631
892 892
996 996
685 685
357 167
905 905
535 504
962 736
246 246
333 333
936 936
919 919
398 398
340 340
569 575
521 684
911 911
445 445
24 24
341 932
882 882
475 27
981 955
425 425
557 943
226 226
753 753
438 438
206 206
999 999
476 77
742 742
866 866
527 527
362 362
237 237
499 499
773 773
53 53
887 887
903 903
85 776
175 175
683 683
714 848
148 364
700 61
127 127
402 294
461 904
395 723
347 347
313 313
938 938
178 764
991 991
923 933
331 331
434 995
267 154
44 44
614 892
720 720
407 407
888 966
452 955
543 543
386 386
268 391
137 671
679 99
649 649
798 247
478 478
698 807
547 547
760 760
550 550
12 12
259 752
296 296
554 646
132 132
683 683
121 121
553 384
791 791
307 307
232 665
546 546
59 59
122 122
371 371
896 447
172 182
755 755
912 843
182 182
246 246
8 8
732 732
327 534
89 330
576 367
410 94
193 869
932 136
129 191
100 100
700 700
185 185
394 2
837 115
646 646
784 519
904 357
94 126
761 761
490 304
710 710
200 521
923 79
955 142
904 825
576 829
970 732
538 534
35 974
220 220
735 584
141 365
48 48
52 811
115 115
292 101
974 974
431 431
810 821
473 473
544 793
66 66
531 531
924 739
478 623
501 134
216 157
948 948
851 851
563 563
568 767
609 609
63 2
845 139
837 837
724 177
897 798
669 669
86 86
394 159
571 91
380 380
912 912
599 103
135 135
770 770
796 749
105 444
982 982
429 429
488 488
235 235
177 169
504 504
972 972
510 182
433 494
629 588
787 787
957 967
919 397
724 769
836 375
747 486
502 502
181 181
470 450
668 668
313 244
332 332
59 59
589 809
877 877
365 365
577 577
356 545
346 226
234 759
193 193
481 481
100 100
802 802
977 977
213 776
868 868
414 414
518 518
139 139
135 135
199 199
729 147
146 735
979 813
310 54
847 61
181 259
399 399
813 498
638 638
726 726
714 714
270 270
210 628
40 40
588 588
448 448
369 947
838 838
469 469
216 216
586 229
270 270
943 700
705 705
407 407
285 285
549 549
144 144
643 643
234 234
529 849
234 336
386 386
67 67
446 446
582 582
844 844
330 330
964 521
617 336
695 695
989 989
680 694
511 826
498 17
873 873
639 964
251 251
853 120
888 294
112 112
561 561
857 904
70 859
25 25
419 419
290 636
735 735
360 360
867 867
57 57
826 826
970 970
416 938
230 230
974 486
229 229
866 482
28 785
383 383
687 687
626 626
670 728
749 534
952 212
892 892
452 515
942 639
514 381
874 385
227 227
921 414
647 647
988 327
289 289
292 944
925 925
461 252
22 513
167 931
178 178
126 126
978 352
100 195
133 133
900 900
208 419
357 914
746 815
759 759
13 13
483 483
326 326
642 879
828 862
853 853
866 866
603 603
563 563
594 269
324 58
728 728
463 463
160 123
135 135
759 759
268 268
834 834
17 186
121 121
767 767
813 999
438 268
61 61
468 468
233 614
466 466
760 760
779 570
385 296
72 72
786 476
308 901
16 16
720 720
248 583
307 274
873 873
570 740
647 647
588 777
855 666
142 142
87 87
546 218
716 648
449 732
768 768
567 567
502 626
732 732
43 43
465 465
306 306
180 654
726 726
167 370
481 481
307 242
173 410
507 507
278 359
771 771
490 490
158 158
537 79
950 363
868 884
775 757
932 932
668 248
69 211
369 806
259 259
620 267
168 436
188 188
179 783
381 922
966 966
35 35
27 868
326 326
407 407
804 617
826 317
950 623
756 627
554 554
286 286
12 405
635 417
581 581
289 459
859 859
514 878
758 758
303 664
204 38
984 211
304 294
161 34
574 207
769 769
580 580
710 202
967 525
356 456
389 176
997 530
939 939
810 365
823 185
133 53
358 358
231 622
78 381
991 991
393 393
363 363
329 329
293 158
459 565
902 902
285 285
111 876
253 253
224 224
492 947
908 902
764 929
548 733
976 145
591 591
829 822
908 908
267 872
292 977
67 174
177 177
125 125
196 444
880 880
7 500
810 328
248 628
910 101
169 412
199 199
720 720
965 869
365 548
941 941
253 511
803 616
507 70
997 997
818 818
99 22
966 466
570 570
238 238
86 920
608 608
276 276
348 348
245 398
558 93
480 480
192 159
939 883
331 331
710 710
955 540
863 863
821 60
428 428
136 136
624 396
19 543
399 399
155 155
496 255
827 827
884 884
765 765
860 860
253 23
624 311
451 850
520 520
739 739
838 558
456 456
204 204
240 247
700 700
475 475
769 769
744 744
443 443
54 54
276 276
867 314
838 838
932 68
239 239
529 529
407 407
516 695
933 933
857 509
433 439
922 745
267 410
284 284
750 750
120 120
16 243
648 201
270 270
782 782
377 377
899 899
151 151
115 115
497 497
221 221
322 59
183 392
688 688
889 232
832 832
857 857
563 563
303 140
502 502
631 631
571 571
332 979
66 438
216 295
294 294
87 87
744 785
956 595
634 634
887 73
220 983
23 520
879 884
437 437
116 267
556 556
151 91
171 74
745 745
651 651
295 723
549 549
432 432
438 521
6 68
775 683
137 137
741 741
624 348
614 53
418 956
117 117
500 359
838 838
97 263
748 480
433 924
541 128
543 518
100 100
925 925
343 893
224 121
466 466
257 257
790 790
320 27
833 225
545 545
350 317
846 808
432 865
565 565
878 302
665 803
754 475
61 474
511 533
865 865
619 619
593 535
150 150
190 190
781 781
403 517
379 451
527 527
147 74
608 716
884 884
488 900
412 412
787 430
834 833
978 978
12 748
794 501
792 224
624 624
856 856
801 801
49 49
481 481
845 845
301 301
297 297
377 219
281 281
753 352
383 383
174 174
878 878
863 863
740 495
274 915
143 645
790 816
60 78
782 575
766 372
725 725
648 648
912 912
611 611
742 975
692 229
82 620
806 897
464 464
605 605
110 753
328 328
920 920
646 646
230 92
442 445
810 32
94 167
54 868
917 287
211 211
36 285
241 241
930 628
431 944
192 571
570 570
880 594
61 962
69 69
600 600
612 303
716 333
782 62
321 321
513 513
200 947
189 189
337 337
9 399
724 724
271 590
822 822
511 511
67 917
74 74
535 285
735 61
654 654
81 837
688 67
322 322
609 609
801 213
378 378
314 354
742 32
751 751
162 162
841 841
785 785
678 641
587 299
889 889
273 273
929 652
728 728
615 615
498 705
931 528
525 525
914 293
970 151
712 712
490 277
311 311
561 231
648 569
433 433
376 376
191 191
635 910
813 625
738 738
3 3
929 929
556 556
131 131
865 687
322 322
567 567
32 32
274 274
212 705
303 303
513 513
45 27
789 449
260 290
853 708
388 388
688 688
597 597
384 384
265 614
453 816
448 448
760 674
442 442
964 964
799 799
15 15
925 925
675 675
213 213
619 619
619 856
605 605
749 418
728 823
967 816
616 861
955 935
350 634
64 929
68 68
290 290
621 823
760 760
850 850
371 371
875 659
842 725
549 549
652 652
317 317
968 352
596 596
76 76
294 118
524 845
752 709
30 30
131 131
619 619
173 173
282 282
249 249
6 805
523 523
191 752
545 545
6 6
787 787
441 441
27 27
576 49
758 811
935 146
251 325
271 801
580 580
740 63
285 977
995 995
41 41
208 7
474 474
623 623
444 444
620 620
341 22
67 67
859 859
481 481
362 362
47 869
587 587
445 445
37 37
745 941
858 844
84 552
292 292
715 715
618 618
420 203
325 350
705 705
653 653
140 210
61 61
245 245
171 171
742 42
475 475
562 562
965 106
763 270
800 436
78 78
669 928
796 796
987 114
535 535
545 545
20 500
137 281
108 159
27 727
579 579
905 423
829 829
299 255
825 825
561 55
629 508
907 907
972 972
650 650
92 92
552 552
908 772
425 425
958 450
220 220
139 459
791 367
612 886
370 501
402 402
787 787
966 966
98 980
606 606
706 204
92 490
345 345
848 848
601 601
454 651
661 314
116 116
347 525
937 740
777 777
432 391
7 7
884 884
309 309
785 785
569 228
541 541
437 437
480 166
958 909
488 488
812 302
961 672
915 211
692 692
797 797
322 322
513 513
870 283
871 871
453 453
242 242
462 462
331 377
893 893
891 212
822 808
323 323
399 611
371 371
832 832
741 322
971 971
262 262
588 588
956 806
448 448
329 880
215 215
304 537
427 427
943 943
17 17
223 223
677 656
853 519
974 974
573 821
826 826
715 947
518 592
321 321
825 698
703 703
731 731
91 91
641 641
170 806
15 15
421 882
605 514
783 783
364 948
579 630
531 531
596 370
75 91
900 842
553 553
319 531
49 172
741 756
540 540
212 342
195 160
649 864
61 975
102 607
968 251
116 135
348 84
146 496
982 122
852 852
575 575
730 730
386 386
264 842
171 171
292 333
202 202
106 27
420 549
618 618
977 977
258 258
35 35
336 336
178 211
356 918
277 277
316 566
230 552
449 449
249 637
470 470
127 206
560 734
930 119
498 541
532 532
246 38
759 759
66 66
233 233
949 716
340 86
599 999
436 436
830 614
335 335
822 822
881 704
953 891
721 721
174 710
256 129
518 233
484 484
23 466
645 645
708 792
972 972
358 32
677 677
844 844
954 555
292 292
801 801
815 602
938 205
711 349
39 290
392 392
364 364
341 341
926 606
990 237
695 695
215 215
482 484
648 194
507 729
506 547
769 620
664 664
327 482
138 138
211 211
401 36
385 928
521 684
627 77
617 617
419 451
58 58
306 249
654 654
940 932
429 403
55 55
18 232
758 742
329 329
30 230
317 196
898 736
336 336
483 876
702 702
170 170
932 679
86 86
193 193
232 232
403 447
168 168
36 303
438 438
354 327
138 987
587 587
300 227
696 696
105 105
634 684
994 994
926 926
518 437
980 980
571 277
287 287
961 554
399 812
682 407
487 626
826 826
455 455
147 615
414 414
538 538
463 463
767 767
969 969
446 998
896 896
554 554
465 465
128 128
841 841
528 974
264 264
370 916
424 424
512 910
932 932
679 679
320 320
328 373
146 146
916 891
387 387
491 491
120 120
644 954
925 925
389 101
665 665
284 284
358 358
158 688
981 981
218 699
456 89
491 910
835 931
614 67
999 818
256 77
979 979
452 571
284 284
898 898
792 792
423 496
659 659
198 432
5 703
834 834
378 71
838 552
796 995
175 175
419 419
71 71
671 140
98 98
296 296
493 493
820 769
336 336
121 172
281 281
736 736
570 177
695 695
915 915
209 53
775 775
140 140
668 886
745 604
522 592
994 994
610 332
40 40
211 420
895 895
855 855
229 371
264 697
395 395
14 14
752 61
314 651
980 980
643 643
716 771
912 537
54 956
684 298
387 611
326 326
572 572
650 709
145 145
615 615
591 759
591 587
927 927
868 868
54 54
47 754
507 507
918 407
606 606
263 263
283 74
111 111
490 128
543 62
367 626
307 2
71 71
801 801
949 949
337 481
640 640
25 624
377 640
522 522
153 383
392 354
447 321
511 753
142 254
861 206
715 244
308 308
115 339
122 122
48 48
64 64
96 96
230 7
811 811
901 654
503 921
94 94
675 675
943 159
381 381
185 185
292 922
983 983
569 569
318 734
394 394
312 312
406 580
461 831
156 358
907 907
646 646
165 165
2 2
784 784
325 441
66 66
476 476
147 147
151 151
748 729
341 910
423 25
86 518
150 150
577 346
413 413
806 806
917 917
925 139
570 570
255 316
591 628
520 415
204 204
955 955
110 110
490 490
521 425
605 888
797 797
552 132
24 993
447 447
557 710
846 846
925 44
741 741
618 25
572 572
36 149
368 368
515 515
119 119
184 184
684 711
148 71
419 534
347 455
219 28
720 720
678 591
368 422
762 224
167 590
700 700
741 537
898 234
646 646
208 208
956 431
492 492
61 21
271 271
942 931
816 816
774 774
610 711
160 531
131 168
820 820
166 211
39 39
990 627
763 763
516 516
274 274
303 528
80 80
211 592
598 850
623 623
604 604
876 876
170 170
437 575
22 854
877 877
21 251
433 433
637 637
262 262
781 165
154 811
229 368
827 827
293 293
338 338
35 35
980 980
750 252
863 499
619 978
255 496
445 445
454 454
350 428
158 158
266 968
38 697
867 469
847 847
238 238
622 622
157 413
111 111
192 192
394 394
642 642
602 554
72 462
817 51
399 399
680 136
739 889
902 8
672 652
953 255
693 656
665 665
625 20
398 888
665 665
301 860
811 303
630 691
465 465
774 952
686 686
810 130
903 856
710 710
140 140
523 523
659 804
857 857
61 633
79 487
69 69
839 839
2 2
237 805
96 96
407 351
661 661
998 998
33 33
644 644
49 910
498 817
602 602
953 760
891 401
90 90
70 216
317 74
579 579
447 447
609 324
564 559
966 966
685 685
488 488
213 213
11 598
733 614
775 254
335 143
566 514
275 275
716 198
938 938
615 561
812 593
210 210
942 53
746 25
565 565
866 866
814 330
680 680
388 548
145 530
245 245
181 181
44 373
702 702
551 551
251 838
129 129
604 456
242 85
961 769
393 393
248 716
339 330
8 514
282 311
852 181
250 250
425 818
335 64
931 726
954 954
164 205
384 905
791 791
98 310
991 230
521 521
115 993
628 445
968 835
915 840
280 156
636 636
896 896
859 859
487 487
290 811
498 69
299 425
788 788
249 127
238 710
713 713
308 909
635 635
535 535
497 243
82 82
921 921
182 182
704 322
599 80
901 901
163 897
119 834
500 500
899 899
788 788
110 63
801 547
835 835
109 593
818 818
247 247
549 549
752 752
395 7
979 155
386 386
80 718
197 415
451 666
733 546
646 88
813 813
29 221
13 29
988 87
382 382
785 785
506 725
340 340
667 444
131 131
546 554
27 27
898 898
931 931
637 459
736 736
936 329
130 265
832 978
123 61
940 199
858 655
924 924
623 623
78 78
975 975
261 399
670 670
22 522
387 387
20 31
818 518
708 472
760 853
863 863
76 39
960 865
49 49
383 676
537 537
97 97
262 262
898 391
470 234
3 3
727 624
809 809
867 834
270 717
838 251
51 51
285 189
603 603
43 43
255 350
923 197
683 683
149 761
160 550
268 311
136 657
286 286
954 954
47 47
611 611
254 254
634 15
30 30
97 97
615 615
903 863
300 300
654 315
212 793
604 604
727 407
776 428
953 721
741 741
978 836
17 940
205 205
755 855
647 647
912 735
692 692
453 453
447 447
348 859
519 882
265 58
419 419
204 558
764 292
821 821
309 227
384 384
42 622
464 808
886 886
144 402
776 447
102 771
606 606
329 719
721 571
390 390
434 601
471 987
455 581
967 967
481 481
851 677
23 663
448 448
49 49
104 104
283 283
995 84
803 803
444 444
167 167
275 870
264 775
379 642
69 916
892 42
503 236
992 855
34 34
579 579
817 244
644 644
625 6
590 133
112 112
14 14
174 63
321 321
385 459
436 436
383 975
572 572
647 647
330 401
371 371
613 36
342 626
688 821
435 435
655 71
42 42
290 613
174 174
881 881
946 946
225 395
499 241
923 784
417 101
806 389
831 164
791 130
801 247
411 411
160 160
571 962
204 232
897 552
387 387
371 113
499 625
48 48
635 401
853 853
890 143
265 265
151 151
766 495
606 856
16 16
194 82
347 694
701 968
957 957
679 848
403 403
245 245
723 818
416 599
29 499
21 21
637 637
549 549
80 387
474 283
60 929
369 547
723 402
85 822
544 544
885 513
345 257
55 55
435 435
209 209
639 512
54 54
161 161
723 723
679 459
760 760
436 436
118 118
145 463
814 465
496 496
468 598
951 125
815 435
809 113
930 697
891 981
738 845
953 886
310 471
396 396
573 573
843 140
734 734
336 336
152 213
69 524
124 467
557 971
185 185
778 869
713 453
630 630
100 100
129 28
560 560
993 50
379 252
545 545
988 988
249 206
220 220
965 586
454 454
131 131
71 616
664 664
939 60
133 983
275 275
350 350
997 102
563 92
253 483
693 382
644 644
263 348
320 944
132 835
625 625
242 242
435 843
299 299
877 146
21 131
181 944
562 562
430 668
805 805
719 719
148 531
735 539
756 96
112 112
948 105
231 950
81 969
574 574
833 896
700 51
107 80
600 238
752 72
86 86
509 509
790 790
578 578
784 781
966 966
174 174
592 43
37 37
643 641
635 867
265 933
417 417
520 520
894 995
671 606
128 128
573 815
768 768
799 799
562 562
75 75
949 878
147 147
812 812
649 572
478 919
980 980
697 697
723 12
803 803
316 316
258 990
160 991
649 649
257 257
846 749
889 211
828 983
744 744
534 534
378 378
655 655
155 453
833 530
513 137
498 498
239 239
839 839
732 732
746 170
808 45
740 219
954 954
1 1
954 159
462 462
302 58
762 762
564 923
221 221
855 760
780 780
973 973
940 940
307 307
862 378
83 83
871 660
35 540
459 459
878 67
332 770
371 80
833 833
81 815
534 724
799 799
802 802
996 217
306 306
466 466
369 369
1 99
603 603
405 405
552 552
295 295
298 476
127 127
303 338
483 483
16 16
49 55
976 976
901 901
212 211
396 222
543 623
723 723
460 996
506 566
147 147
277 277
501 501
958 383
150 574
941 941
463 463
418 418
785 301
439 42
930 118
109 109
516 516
105 105
650 650
173 647
30 40
949 966
427 427
929 929
963 617
126 126
955 574
939 229
240 743
704 179
732 113
776 776
183 166
251 251
237 237
185 185
530 530
583 155
554 554
908 908
504 572
805 388
331 652
38 38
908 728
457 443
226 226
539 622
950 950
296 296
256 256
342 342
187 187
527 579
860 860
490 490
586 586
168 731
79 67
718 45
525 525
817 817
698 111
819 819
310 310
791 994
698 738
341 341
924 852
331 331
639 643
273 273
544 973
554 965
746 746
415 265
72 72
786 572
648 648
897 610
343 851
266 11
617 610
331 331
663 96
52 442
531 531
572 572
872 872
476 259
21 935
968 968
110 110
821 681
277 277
551 551
591 591
604 476
271 271
376 376
655 726
87 150
234 907
464 464
134 134
640 733
364 364
242 235
923 923
227 685
224 921
471 471
672 672
511 811
140 140
762 522
436 78
871 871
735 735
671 671
999 999
156 300
294 294
5 522
54 896
912 912
193 193
457 457
871 871
641 23
567 879
258 258
896 390
530 185
802 802
976 247
513 513
550 622
487 262
673 673
618 618
673 270
744 774
239 239
608 608
249 249
676 400
373 373
705 886
183 681
234 279
155 817
344 345
679 899
224 224
558 558
929 929
756 928
515 499
77 263
137 137
115 103
810 328
236 236
40 132
520 680
846 184
114 695
819 16
212 212
328 328
475 475
48 48
523 174
774 774
795 997
749 449
223 223
907 881
834 823
271 45
36 36
252 252
769 769
797 797
182 182
66 414
366 366
513 513
179 179
544 544
774 133
835 835
117 117
827 167
733 71
388 388
605 238
487 487
596 577
845 967
568 568
185 185
693 693
486 486
734 940
985 985
160 928
38 569
429 422
602 954
352 352
330 330
272 272
856 856
868 123
504 504
701 701
272 272
205 910
288 8
920 210
840 717
317 43
12 12
139 139
605 712
461 653
786 786
591 591
819 819
92 92
917 917
308 308
9 9
954 954
763 217
641 641
209 279
926 926
142 777
299 299
347 278
54 277
512 512
77 148
154 154
783 668
246 246
67 396
31 31
801 155
867 227
869 869
131 131
724 724
616 997
712 752
413 413
468 468
258 258
615 615
886 372
537 537
192 218
455 688
706 775
25 25
858 858
997 997
55 55
772 772
366 366
609 609
346 568
595 595
219 219
805 30
162 162
806 884
444 526
6 377
347 813
40 40
720 720
529 14
821 821
413 413
339 339
535 535
49 49
832 738
141 165
933 385
986 476
819 88
134 134
123 123
325 366
967 769
957 957
134 322
877 250
704 704
758 758
90 102
744 798
708 708
607 607
58 659
261 261
180 658
833 774
992 129
708 708
776 560
426 175
22 360
635 328
679 679
824 824
178 309
264 777
451 451
549 330
469 348
383 990
975 975
523 523
654 965
787 787
266 636
631 631
255 255
73 73
815 815
572 520
855 855
331 582
208 208
803 979
967 248
999 919
628 628
730 847
384 117
82 816
530 992
647 647
846 846
339 915
203 623
392 868
33 859
868 868
281 281
498 498
703 894
217 194
453 753
452 850
418 418
859 333
213 213
797 797
377 484
281 293
791 791
587 833
966 595
122 206
715 715
845 729
81 395
241 826
572 572
698 698
33 437
824 824
296 545
968 968
225 225
477 477
491 491
967 271
936 772
155 155
492 492
851 851
298 94
278 278
541 541
785 785
351 475
303 92
32 32
915 52
374 374
519 519
717 717
638 638
773 555
73 73
908 357
246 181
282 282
56 894
361 424
987 181
525 525
775 238
59 59
252 252
773 415
715 715
120 429
271 93
444 541
453 453
241 636
248 695
717 855
138 138
867 867
419 419
507 650
994 737
792 497
410 269
38 38
416 416
83 83
682 682
184 508
907 889
24 24
907 355
548 677
282 282
867 470
896 518
959 959
92 566
320 320
302 530
76 578
356 356
455 879
671 52
725 480
987 987
985 101
130 130
402 402
90 90
284 795
937 45
873 84
214 384
200 264
663 327
768 67
910 494
837 837
944 944
717 717
77 277
419 419
844 844
688 721
474 764
182 182
796 796
755 755
790 790
510 510
972 101
494 494
193 688
643 643
279 51
60 151
6 6
553 147
313 689
170 246
648 595
457 457
507 507
356 496
388 388
779 117
549 549
547 315
151 302
549 318
718 51
850 195
494 581
949 728
754 906
538 538
372 372
90 90
232 231
30 965
985 747
90 634
405 405
580 943
669 669
790 790
417 1000
933 933
925 925
547 547
385 385
375 375
572 572
337 202
392 392
711 711
994 352
16 107
469 300
164 640
651 651
413 486
137 778
1000 1000
591 770
429 429
604 604
788 788
844 844
579 579
606 606
807 807
409 888
435 435
62 62
731 731
131 131
900 622
89 797
249 768
325 325
17 572
539 157
406 710
833 268
435 100
840 840
915 387
399 35
915 915
884 351
860 273
776 450
127 536
446 825
501 501
837 662
346 346
265 265
140 140
556 654
243 243
403 403
1000 890
269 781
23 23
117 112
220 220
919 919
841 676
467 925
106 106
62 88
797 569
762 762
558 846
684 684
204 204
185 185
322 883
320 204
940 940
513 513
648 648
889 393
937 992
572 572
616 616
750 750
58 584
310 310
80 80
556 813
218 218
53 53
777 777
709 879
35 708
291 869
307 243
950 950
257 324
948 948
74 74
118 118
57 302
309 309
128 513
758 758
913 824
232 232
39 587
942 491
486 79
712 712
530 530
723 942
478 478
269 269
705 705
493 493
761 761
702 702
253 253
679 679
863 863
900 900
483 865
854 854
78 78
932 974
958 958
911 390
239 68
340 340
915 137
940 940
50 800
179 179
852 852
578 578
253 557
101 101
633 633
140 140
524 29
342 138
569 150
17 149
295 295
68 259
395 401
873 378
771 771
681 681
612 612
760 760
820 782
439 175
260 828
212 212
545 545
805 805
179 179
485 871
543 543
378 378
868 56
158 158
989 989
242 242
88 78
799 233
483 551
649 649
257 257
928 928
599 599
648 86
275 138
798 629
640 908
426 426
98 98
456 456
668 668
20 20
679 189
814 904
62 62
760 599
130 58
218 218
243 544
412 561
479 479
653 74
282 282
724 593
512 979
38 540
227 227
620 678
776 776
874 874
232 232
163 99
901 393
785 785
505 505
40 40
399 837
468 658
583 583
379 379
642 41
913 913
622 902
274 274
324 324
86 526
498 498
936 936
864 864
938 938
610 390
863 863
713 415
598 538
339 339
198 554
756 756
982 982
513 513
814 814
632 786
645 891
560 560
230 230
843 843
871 871
214 681
48 242
951 494
271 271
693 693
341 42
564 858
959 139
794 552
833 833
110 110
423 423
289 235
537 811
21 64
122 237
950 950
484 484
21 21
11 747
552 861
898 898
936 936
986 410
1 1
902 171
547 547
536 101
936 936
910 910
741 42
632 738
57 57
167 167
661 574
2 221
96 475
301 575
838 838
693 346
375 375
369 369
680 344
925 925
578 578
808 808
304 386
866 783
874 874
441 180
269 350
532 410
108 108
908 381
889 536
660 647
768 768
382 382
388 388
176 176
827 487
947 947
268 363
836 410
345 379
678 678
781 265
422 62
828 828
13 13
428 428
257 257
83 767
923 237
465 211
208 208
789 789
422 250
316 316
11 11
916 129
554 534
599 599
35 628
51 51
695 695
921 2
728 728
991 991
713 713
695 695
122 771
674 674
655 655
648 648
380 916
88 88
201 92
842 343
479 739
891 729
283 112
197 182
261 978
556 556
834 71
299 299
118 204
371 371
954 158
495 495
364 352
227 909
811 811
622 622
957 957
946 639
934 934
16 153
275 940
430 996
31 31
804 388
893 893
920 668
282 78
796 796
825 612
593 593
596 596
313 18
695 695
988 918
471 471
966 467
560 187
769 769
866 866
514 514
607 607
733 733
723 137
615 974
701 701
629 387
146 885
416 906
704 704
859 859
207 121
824 824
243 979
36 845
354 460
649 649
837 837
318 895
881 881
215 215
759 759
348 450
365 365
502 71
94 468
220 220
334 387
129 129
707 707
727 727
25 249
931 931
140 942
197 197
412 412
545 545
197 197
107 107
765 765
453 468
65 65
919 673
690 588
117 304
636 636
133 133
145 145
464 464
347 93
911 54
653 254
236 236
51 51
93 354
136 717
132 49
205 664
16 16
418 240
682 67
494 494
182 182
248 248
633 633
175 896
558 558
91 91
352 352
344 611
537 40
633 566
84 475
474 635
852 852
661 661
828 627
209 209
292 551
313 314
544 544
630 630
835 835
770 770
876 545
301 301
839 800
331 272
51 657
936 887
830 762
845 845
71 71
160 160
134 134
962 769
422 422
385 385
893 893
987 987
85 259
409 208
861 802
647 912
743 743
513 2
32 32
248 35
703 703
28 28
847 412
108 720
446 339
437 740
804 804
283 283
392 414
587 963
234 234
279 268
85 85
187 187
461 825
3 768
318 318
211 211
530 530
849 849
394 917
301 301
628 628
366 366
100 100
256 194
952 952
389 389
65 705
544 959
653 2
321 321
849 849
68 68
738 738
256 256
445 515
808 89
814 814
667 667
24 517
804 804
418 789
423 423
141 141
566 59
768 768
186 907
879 603
45 45
548 548
249 858
236 52
739 739
288 288
232 232
563 563
740 715
112 112
851 851
281 867
132 132
38 38
410 638
173 122
546 546
92 910
207 207
614 240
839 659
388 388
495 495
643 643
830 163
580 941
179 179
429 429
788 788
65 65
275 275
675 394
16 16
811 811
55 175
904 902
229 229
711 451
175 163
107 856
998 998
397 397
772 794
808 153
739 523
959 247
741 741
119 119
861 861
832 832
825 825
796 412
877 877
821 821
512 674
556 556
911 911
1000 369
656 656
38 463
179 220
64 108
461 461
65 65
701 701
104 184
987 987
794 274
737 251
53 80
747 844
135 374
690 269
98 98
721 721
530 530
213 213
196 854
36 30
706 309
291 291
968 610
593 593
848 326
149 473
109 109
203 864
852 264
59 59
228 130
646 733
289 289
913 913
804 804
394 836
864 885
159 995
220 18
309 350
215 131
959 912
698 698
479 783
285 685
863 167
279 575
563 563
607 607
215 558
806 806
702 702
281 281
378 474
45 934
740 740
206 206
608 608
164 164
397 397
128 332
617 758
719 719
195 195
680 680
976 976
336 449
223 223
860 222
579 407
745 745
793 793
832 973
885 521
363 363
892 892
470 470
1000 1000
538 290
193 193
956 956
328 879
754 754
805 805
139 139
436 632
607 261
672 627
808 808
760 576
582 870
932 426
463 552
581 581
824 824
110 115
230 189
114 114
827 827
996 968
151 151
894 894
330 235
250 250
510 721
742 742
814 814
487 698
811 144
289 289
210 548
641 641
221 221
776 776
962 962
178 834
30 30
916 296
88 19
359 233
675 675
250 250
511 750
686 86
834 182
764 764
463 840
950 169
95 189
211 160
311 146
288 978
508 371
159 159
433 966
95 95
2 732
254 254
381 539
288 688
467 370
247 247
234 234
262 869
486 486
238 238
34 34
7 568
45 45
789 789
691 798
907 14
126 562
552 482
235 227
190 190
736 736
759 759
179 179
162 748
741 741
991 968
996 996
237 237
832 535
547 528
915 915
219 219
763 763
514 514
353 353
561 561
146 146
350 350
285 285
921 743
240 240
408 9
262 54
543 543
97 676
141 3
183 183
361 489
347 347
756 122
904 904
386 386
460 140
693 512
123 748
177 177
288 904
965 965
390 673
150 150
710 710
349 885
17 17
204 204
73 73
590 590
472 472
921 921
692 858
658 658
467 856
705 604
271 271
599 203
505 863
925 847
969 969
419 419
973 696
853 853
243 243
649 591
446 446
697 697
409 409
485 485
212 803
940 940
562 976
452 452
511 945
454 138
852 852
550 608
559 559
602 602
948 300
931 931
696 554
84 681
166 644
311 696
782 782
392 841
901 901
511 511
115 857
193 193
206 206
272 272
977 854
375 206
398 398
114 311
331 131
278 278
307 173
91 477
104 420
684 118
276 173
266 362
245 245
194 194
844 190
697 697
273 273
254 254
493 493
552 685
160 705
652 870
56 56
146 146
170 662
589 47
28 951
488 488
676 164
295 3
968 163
206 516
200 366
825 825
55 795
656 656
720 720
513 513
841 841
888 147
207 207
934 934
527 981
313 313
144 980
20 779
573 573
489 107
531 495
856 856
21 523
903 325
80 80
690 690
209 303
954 736
308 119
620 42
918 918
