1 4 5
3 5 2 10
6 10 16
13 13
19 7 2 28
20 1 1 22
19 5 24
20 6 2 28
3 9 13 1 26
2 2
16 1 2 19
2 2 3 3 10
5 3 8
23 23
2 2
10 1 3 3 1 5 2 25
13 13
3 3 12 18
2 1 1 4
2 2 1 1 6
10 13 23
2 5 1 7 15
1 2 4 7
5 2 1 8
8 15 23
16 1 2 3 1 23
19 4 23
16 5 7 28
2 16 18
14 7 21
14 5 1 5 25
15 1 16
1 1 2
2 5 1 8
1 1
11 7 8 26
1 1 1 4 7
1 1 1 3
3 3
14 1 4 1 20
5 6 5 16
11 4 4 19
14 1 15
16 4 3 6 29
1 1 1 3
13 2 15
3 19 4 3 29
5 1 4 3 1 3 1 1 19
9 9
5 17 5 27
8 4 4 16
2 2
6 10 16
13 13
19 7 2 28
4 5 1 10
3 11 2 7 23
14 1 7 22
1 4 10 1 1 3 20
15 7 4 2 1 29
2 4 2 8
17 1 2 20
15 2 5 3 1 26
11 1 1 13
9 2 8 3 2 1 1 26
2 2 9 1 2 3 19
11 12 23
5 3 3 11
5 1 6
4 4
5 13 18
17 11 28
7 7
9 3 3 2 4 2 23
21 5 2 1 29
20 1 21
1 1
15 15
2 1 1 4
15 5 8 1 1 30
5 6 2 1 14
8 1 9
7 10 15 32
11 13 24
1 1 2
18 18
6 7 7 20
8 4 5 17
8 3 14 7 32
16 16
19 5 1 25
2 13 15
12 7 2 21
16 6 4 26
5 3 8
21 1 22
7 5 3 1 7 1 1 1 26
18 18
2 1 3
9 1 1 1 12
25 3 1 29
4 12 13 2 31
3 1 2 6
3 6 4 5 2 20
3 4 7
17 10 1 1 29
21 1 22
18 3 21
2 5 1 3 1 12
4 4 8
20 1 2 23
8 9 2 5 24
2 1 3
16 1 17
1 2 2 1 6
2 2 4
9 9 10 1 29
6 15 1 22
32 32
1 1
14 18 32
26 2 28
3 4 4 11
2 1 3
2 1 3
29 29
6 2 7 1 16
16 3 10 1 1 31
7 7
12 9 4 25
28 28
2 20 4 26
13 2 1 2 18
9 2 13 3 5 32
11 8 19
1 3 4
6 1 1 8
15 3 18
1 1 2
12 12
9 3 4 1 1 18
13 16 3 32
1 3 4
16 16
7 1 4 2 14
22 1 23
1 3 1 1 6
9 1 10
22 3 25
13 2 2 17
20 20
7 9 2 6 4 4 32
21 5 26
9 2 11
