5 5 1 2 3 4 5
10 9 11 9 3 5 8 4 9 3 2
16 8 12 6 11 11 13 1 10 7
13 5 10 12 2 13 10
28 14 18 19 26 15 18 24 7 21 14 25 2 12 9 6
22 15 20 12 12 9 12 3 1 1 22 8 4 22 1 3 10
24 32 19 10 13 16 3 12 16 5 16 4 13 19 19 16 17 4 8 3 10 24 7 13 20 22 20 10 21 18 12 23 11 16
28 21 20 6 21 25 18 18 4 28 15 9 17 17 17 6 7 2 28 5 18 15 8
26 39 3 9 26 13 3 24 2 20 23 16 23 19 1 19 19 14 17 7 23 23 25 2 10 16 6 22 25 23 9 1 10 21 22 9 6 5 18 9 9
32 1 2
19 37 16 14 13 9 5 17 19 10 14 1 19 12 18 17 2 3 4 18 11 17 10 9 6 14 1 10 6 7 5 7 16 12 1 13 1 7 6
10 38 2 10 10 2 9 3 3 4 3 1 10 9 9 2 1 7 9 10 2 8 2 5 3 2 9 2 9 9 9 10 2 9 8 5 2 9 4 3
8 23 5 5 6 8 7 3 5 2 6 4 4 5 7 2 3 2 4 5 8 6 7 7 4
23 37 23 14 23 8 4 1 18 15 19 14 19 3 15 5 15 10 20 11 16 9 22 11 16 19 11 15 14 17 10 22 13 5 19 22 21 9 17
2 17 2 2 2 1 1 1 2 1 1 2 1 2 2 2 2 2 1
25 30 10 1 3 18 23 23 24 21 3 12 16 17 1 16 5 25 16 22 12 7 9 20 16 15 17 7 2 17 5 22
13 49 13 2 1 4 10 13 10 4 10 8 4 11 6 3 7 9 9 8 13 1 9 2 4 3 8 1 9 7 4 7 5 5 13 12 7 7 5 12 6 10 10 6 10 1 11 5 5 13 7
18 9 3 18 3 10 12 9 14 10 1
4 22 2 1 4 3 3 3 2 1 4 3 4 2 2 2 3 4 2 1 2 1 2 4
6 34 2 5 6 6 2 1 5 3 2 4 5 5 1 2 3 1 6 1 4 2 5 5 1 6 5 1 6 4 2 6 6 3 1 5
23 11 14 10 12 15 23 23 22 10 12 13 15
15 21 2 5 1 12 7 2 4 12 11 12 13 1 3 12 7 12 15 14 9 14 7
7 25 1 2 4 6 7 7 5 3 6 6 4 2 3 3 2 5 4 6 2 5 3 7 6 2 2
8 40 5 2 2 7 6 6 5 1 7 7 2 4 2 8 2 6 3 7 5 8 3 2 4 5 4 5 7 1 1 1 4 4 5 6 2 4 8 7 5 4
23 38 8 15 12 12 5 13 23 15 15 14 13 20 23 23 13 14 7 12 1 1 23 22 2 6 13 22 20 13 20 23 18 10 3 14 20 13 15 7
23 37 16 1 2 15 15 20 3 23 2 20 6 7 16 19 14 4 8 22 16 15 14 3 5 7 10 3 15 1 23 21 14 2 6 2 9 16 23
23 41 19 20 10 7 4 11 14 20 21 8 19 5 15 12 15 20 3 1 6 16 22 12 6 1 12 16 19 22 2 10 21 21 22 9 1 4 16 3 23 23 1
28 36 16 28 21 5 8 6 20 22 14 23 26 16 19 12 16 16 19 21 9 3 17 25 11 9 5 8 19 25 21 9 10 16 5 12 3 7
18 6 7 2 6 7 16 14
21 4 14 7 2 18
25 43 14 5 1 6 4 18 25 21 17 24 11 9 15 4 5 9 9 17 25 13 15 25 3 14 18 15 6 12 5 3 2 22 17 8 15 6 20 17 23 14 3 12 14
16 25 15 6 2 2 15 9 4 1 16 6 2 12 13 1 14 5 16 16 16 1 7 11 16 5 9
2 5 1 2 1 2 1
8 45 2 7 7 5 6 5 8 8 4 6 1 3 7 3 5 2 7 3 8 7 2 8 6 1 6 3 8 8 7 4 1 4 1 2 4 4 1 7 2 6 2 7 2 3 4
1 40 1 1 1 1 1 1 1 1 1 1 1 1 1 1 1 1 1 1 1 1 1 1 1 1 1 1 1 1 1 1 1 1 1 1 1 1 1 1 1 1
26 32 11 7 8 9 6 25 2 10 12 2 25 2 1 15 1 14 23 1 23 1 20 19 5 12 3 23 10 6 8 10 26 7
7 8 1 1 7 7 1 5 7 4
3 23 1 1 2 3 3 2 3 1 1 1 2 1 2 2 3 1 2 1 3 1 2 1 1
3 18 3 1 2 3 1 3 2 2 2 2 2 1 2 1 3 3 2 1
20 39 14 19 1 9 8 4 14 14 8 1 12 13 16 18 4 4 4 16 12 8 11 10 7 17 6 1 11 2 13 9 10 5 17 20 19 10 12 16 17
16 22 5 6 16 13 5 3 4 2 9 8 5 13 16 2 1 13 10 12 8 4 9 16
19 36 11 4 18 10 18 15 18 15 17 7 5 15 6 19 13 17 9 4 19 9 4 10 13 2 6 2 15 11 17 3 9 13 4 9 1 5
15 4 12 12 14 1
29 42 16 23 23 8 15 11 21 25 16 4 17 14 3 6 24 13 14 28 12 15 12 27 23 6 11 7 10 28 14 12 7 8 3 6 9 13 17 29 8 11 11 20
3 21 1 1 3 2 3 3 3 2 3 2 3 1 1 1 2 2 1 2 3 3 1
15 26 14 13 14 4 11 13 5 11 13 6 8 7 4 8 2 8 10 14 2 9 8 3 7 13 13 2
29 11 3 11 19 29 17 4 18 5 29 3 5
19 39 5 15 1 4 3 8 12 1 3 1 16 14 6 5 13 12 5 5 14 17 8 19 19 13 1 14 10 18 8 12 2 8 4 2 16 13 5 16 11
13 1 9
27 19 5 17 24 9 5 26 5 17 13 6 26 17 10 14 22 19 24 13 11
16 30 8 4 8 4 5 11 3 14 3 7 14 13 10 3 1 14 14 13 2 13 1 5 4 6 14 3 15 2 6 3
2 14 2 2 1 2 1 1 2 1 1 1 2 2 1 1
16 8 12 6 11 11 13 1 10 7
13 5 10 12 2 13 10
28 14 18 19 26 15 18 24 7 21 14 25 2 12 9 6
10 22 4 10 8 5 1 3 5 2 7 8 10 5 6 8 4 2 9 1 7 7 5 6
23 46 22 3 15 11 22 14 6 2 15 18 20 13 11 21 23 19 23 9 15 12 8 7 18 20 11 19 10 15 7 8 12 8 11 13 21 10 23 19 20 11 7 12 9 2 16 7
22 9 19 14 16 1 7 16 11 9 6
20 50 1 4 10 1 19 13 5 7 18 1 9 8 11 3 15 3 14 15 15 14 14 8 12 20 19 3 14 20 19 17 15 4 4 10 19 12 8 8 8 14 7 20 14 19 2 11 18 15 13 14
29 48 15 26 16 19 28 7 4 11 7 8 4 20 10 29 7 4 22 21 13 2 3 14 1 21 17 24 27 11 10 13 16 16 21 25 14 14 21 14 3 11 12 2 15 10 26 27 18 17
8 17 2 5 5 4 6 2 5 4 4 8 2 5 6 7 4 6 4
20 23 17 12 17 18 9 11 13 5 20 4 1 5 2 15 10 18 18 4 6 6 13 14 10
26 15 15 2 19 22 19 22 5 25 3 11 1 20 14 4 18
13 15 11 4 1 12 1 13 13 4 12 10 3 1 7 2 1
26 38 9 23 2 8 20 25 3 13 21 2 9 21 20 8 1 24 22 13 21 12 16 14 5 26 19 14 18 10 1 9 22 17 23 13 22 25 8 14
19 24 2 2 9 17 13 19 15 1 16 12 2 15 17 6 9 7 9 11 6 8 3 6 12 1
23 10 11 14 16 11 10 14 14 6 12 13
11 24 5 3 3 4 9 11 9 11 6 4 9 5 3 11 7 9 2 4 1 1 10 1 4 9
6 30 5 3 2 2 2 6 4 1 4 2 1 3 6 3 3 5 1 5 6 3 5 2 1 3 5 6 4 4 4 2
4 30 4 4 4 3 3 3 1 2 3 2 3 4 4 2 2 4 3 3 1 2 4 3 3 3 4 2 1 1 3 2
18 48 5 13 5 16 13 5 11 12 6 12 14 4 8 6 6 6 9 8 8 13 11 13 3 11 8 3 16 14 18 4 10 9 18 16 10 15 5 6 11 18 18 2 11 3 4 4 18 3
28 31 17 11 7 2 15 9 1 19 14 2 6 17 14 13 18 2 17 21 11 2 10 6 21 4 3 4 27 14 10 8 27
8 3 4 7 5
23 11 9 18 3 3 11 2 4 9 2 22 18
29 49 21 13 22 24 25 9 5 12 28 19 15 25 12 27 21 17 9 14 2 27 29 28 21 8 21 2 27 23 27 8 5 14 20 20 26 4 24 13 5 22 26 14 15 19 1 10 12 21 29
21 32 20 5 16 6 4 19 15 6 3 19 2 21 10 19 6 4 1 11 6 9 13 15 4 18 20 20 6 13 8 10 11 21
1 48 1 1 1 1 1 1 1 1 1 1 1 1 1 1 1 1 1 1 1 1 1 1 1 1 1 1 1 1 1 1 1 1 1 1 1 1 1 1 1 1 1 1 1 1 1 1 1 1
15 4 12 15 10 13
4 18 2 1 2 4 1 1 2 1 2 4 4 3 2 1 1 4 1 1
30 27 15 12 5 21 19 8 22 5 6 22 30 18 10 22 11 26 10 24 9 26 10 1 28 1 4 21 23
14 29 5 6 2 13 2 4 9 5 6 4 8 13 4 12 14 7 9 8 14 12 11 6 1 2 8 1 7 10 8
9 12 8 9 4 2 3 5 3 1 9 5 6 2
32 13 7 16 29 10 30 19 15 16 12 5 7 1 5
24 11 14 17 11 14 3 2 17 23 13 21 6
2 14 1 1 1 1 2 1 2 2 1 1 1 2 1 2
18 14 18 16 16 1 11 6 13 18 16 1 2 3 13 6
20 12 6 6 19 7 12 16 4 5 7 14 14 20
17 15 8 6 16 4 15 8 17 5 15 16 17 6 7 13 7
32 23 8 3 27 27 14 11 7 29 23 14 27 30 9 13 9 7 13 13 23 24 24 31 21
31 1 16
25 45 19 8 5 9 22 5 20 21 16 24 22 24 6 6 1 1 8 7 22 3 13 12 23 13 17 3 1 4 6 6 22 8 18 6 15 10 17 5 3 17 16 15 23 17 10
16 4 5 2 13 15
21 13 18 12 7 16 9 20 7 2 18 17 20 9 21
26 50 16 23 16 14 6 4 16 23 9 11 18 6 1 2 12 24 2 21 10 25 11 10 22 17 17 10 16 3 3 11 10 4 9 19 11 6 21 16 15 17 18 6 16 12 18 4 14 20 11 10
23 2 5 3
22 43 21 10 12 12 22 20 3 6 3 17 1 4 15 13 4 9 11 16 9 21 6 7 6 6 4 14 17 7 21 18 17 18 14 20 16 1 15 16 16 14 22 13 19
26 47 7 5 3 1 24 7 23 20 21 1 1 11 20 26 24 23 18 15 4 26 16 1 17 23 20 3 14 10 3 2 4 7 11 21 22 14 24 1 20 5 3 14 13 16 10 1 26
18 29 18 8 9 18 16 3 14 3 12 2 9 16 6 18 6 8 17 6 4 8 10 10 10 17 8 9 10 17 18
3 9 2 3 2 3 1 1 1 2 3
12 41 9 5 1 1 9 6 3 6 7 12 9 1 10 12 7 1 6 2 1 7 10 7 12 3 5 6 10 1 1 12 1 9 11 10 6 4 6 12 5 6 6
29 26 25 21 22 11 3 17 5 27 8 16 10 17 1 4 12 26 29 11 28 7 8 8 29 16 5 9
31 43 4 12 13 12 17 7 16 30 9 3 17 6 29 31 30 23 28 25 22 20 11 20 30 14 4 26 18 31 20 21 24 10 19 19 6 24 12 12 30 3 2 1 17
6 41 3 1 2 2 3 1 6 1 2 6 4 4 4 6 1 4 2 4 4 4 2 1 6 5 6 1 2 1 5 5 6 4 5 3 5 2 1 2 1 5 3
20 30 3 6 4 5 16 18 2 17 12 19 20 1 11 8 8 16 18 14 1 18 11 17 18 14 7 20 7 5 15 10
7 3 3 5 4
29 42 17 17 10 21 16 1 7 11 24 20 16 4 28 6 4 18 29 27 20 11 1 7 5 8 2 24 11 17 24 24 29 1 20 18 17 1 6 17 28 11 15 26
22 46 21 17 3 12 13 18 9 1 5 21 7 4 3 4 22 16 1 20 1 14 7 19 5 12 14 10 9 15 20 11 20 9 14 7 19 2 8 15 17 6 17 7 9 1 12 19
21 25 18 15 5 13 15 14 1 14 10 6 17 3 15 15 5 11 4 20 21 12 20 21 9 12 1
12 47 2 5 1 9 5 5 6 12 8 8 3 2 4 8 5 7 5 2 6 11 2 9 9 1 3 3 5 6 2 12 4 10 12 2 1 5 9 10 7 3 10 12 9 11 11 7 4
9 9 7 7 7 6 7 4 8 4 7
23 22 20 6 23 13 13 19 5 13 11 1 10 22 2 7 5 2 3 8 8 1 4 19
24 29 8 9 12 19 10 19 10 22 2 22 9 7 20 23 11 19 14 19 5 2 18 2 22 24 19 21 18 21 13
3 17 2 1 2 3 3 1 3 3 1 2 2 2 2 2 1 3 2
17 36 16 5 7 15 6 12 6 1 12 12 12 9 4 3 6 15 13 10 1 1 13 5 1 15 5 11 6 14 16 4 8 8 10 7 14 9
6 5 1 2 4 2 1
4 43 2 2 1 2 3 2 1 1 1 4 1 2 3 1 2 1 4 1 2 4 4 4 3 2 1 1 4 4 1 3 3 2 1 3 2 3 2 2 3 1 4 4 4
29 26 27 26 9 26 9 5 26 17 10 1 18 26 19 12 19 4 16 22 16 25 19 28 26 11 10 9
22 15 6 21 4 22 15 22 1 22 21 19 4 19 16 22 5
32 43 32 25 4 11 26 6 11 17 16 23 21 18 20 19 26 30 9 5 29 15 30 17 19 8 6 31 19 19 28 9 15 16 25 22 23 27 5 16 25 24 13 15 5
1 15 1 1 1 1 1 1 1 1 1 1 1 1 1 1 1
32 43 14 18 24 31 25 21 32 22 29 26 13 31 30 2 31 6 32 9 31 21 4 2 6 26 7 29 4 11 20 28 11 11 11 31 20 29 17 32 27 23 30 23 26
28 25 26 6 10 24 15 2 11 4 22 9 5 12 19 7 1 24 8 5 6 28 11 2 11 13 2
11 32 3 4 10 4 5 8 2 1 11 6 4 2 6 6 9 6 1 3 6 4 8 6 2 3 7 6 11 5 7 11 4 2
3 29 2 1 2 1 3 2 3 2 2 2 1 2 1 2 2 2 1 3 2 1 3 1 1 2 2 2 1 3 3
3 46 2 2 3 3 3 2 1 1 2 1 3 3 3 2 2 3 2 3 1 3 2 1 2 2 2 2 1 3 3 3 1 1 3 3 3 1 1 2 3 1 2 2 1 1 1 2
29 33 29 17 13 17 16 8 7 14 8 6 25 19 26 22 23 5 6 25 16 15 16 6 24 4 22 19 11 15 12 4 25 1 17
16 42 6 15 2 14 11 10 7 10 2 15 1 4 8 1 12 2 12 13 1 14 5 5 7 9 7 7 10 3 2 4 4 15 1 14 12 5 10 6 1 7 5 11
31 32 16 3 22 10 26 7 13 1 16 18 29 18 24 25 12 12 27 20 4 26 3 13 17 20 3 8 13 1 21 15 21 5
8 1 7
25 19 12 18 2 9 19 9 21 20 5 13 18 25 21 4 13 20 9 3 1
28 23 28 24 16 11 12 24 5 22 13 13 12 16 12 10 7 22 8 21 21 13 12 16 7
26 36 2 20 25 10 17 24 19 8 4 24 10 25 11 14 6 23 12 15 1 9 22 25 6 20 10 15 4 26 17 22 3 2 6 12 19 9
18 14 13 2 9 10 16 11 17 10 1 6 10 16 11 2
32 48 9 2 13 3 20 28 15 29 3 28 12 9 5 30 15 8 32 9 12 18 5 25 24 8 24 21 19 23 12 21 19 32 8 13 31 28 6 14 12 15 14 24 12 15 20 5 1 20
19 42 11 8 19 18 1 11 3 14 18 11 5 4 15 10 15 6 1 13 5 5 12 9 17 2 7 12 9 14 1 2 9 2 9 19 10 1 19 2 14 19 5 9
4 40 1 3 1 2 2 4 4 3 2 2 3 1 4 4 4 3 4 3 2 4 3 2 2 4 3 4 4 4 2 1 2 4 4 3 1 1 1 4 2 3
8 24 6 6 4 4 8 6 1 3 2 6 3 3 8 1 8 7 8 2 8 7 5 3 5 3
18 33 15 3 8 10 4 12 10 14 1 17 5 4 5 9 16 13 4 1 16 5 8 2 14 10 1 12 13 7 16 11 18 11 2
2 24 1 2 2 2 2 1 2 1 1 1 1 1 1 1 2 2 2 2 1 2 1 2 1 2
12 22 12 5 10 8 4 10 7 11 5 2 4 4 4 5 11 12 5 5 6 1 10 12
18 37 9 3 7 4 15 8 13 10 5 17 4 18 16 15 9 18 12 17 8 11 14 12 7 15 1 17 12 3 10 3 7 15 1 17 5 10 18
32 20 13 16 17 24 21 3 18 24 14 7 31 7 24 15 7 6 21 21 22 27
4 4 1 1 3 1
25 1 16
14 25 7 1 12 13 9 9 7 11 4 3 3 3 9 13 2 6 5 6 14 10 11 11 13 14 9
23 24 22 18 1 15 23 17 23 9 13 11 19 3 14 15 18 19 21 3 8 22 3 19 8 19
6 27 1 6 3 1 3 4 3 2 2 3 2 1 5 5 1 5 3 6 4 4 6 3 3 6 3 2 1
10 23 9 5 2 6 7 8 5 10 9 2 7 6 5 10 1 3 5 8 10 4 3 5 6
25 39 22 25 11 3 7 6 10 18 2 13 4 16 3 1 7 16 18 23 8 12 19 24 14 8 19 1 6 13 3 12 11 20 1 12 17 1 17 9 16
17 31 13 9 16 1 10 17 10 11 2 9 17 13 5 4 13 16 15 12 13 17 4 14 8 13 2 10 17 13 11 14 13
20 8 16 1 1 12 10 20 20 12
32 38 7 9 2 26 6 29 32 22 18 6 15 16 4 3 7 25 5 27 4 31 9 11 9 20 6 15 9 19 23 13 26 10 28 13 29 27 7 23
26 17 21 18 5 25 15 23 23 1 23 22 23 12 23 15 16 2 25
11 17 9 4 11 2 3 7 11 6 1 3 10 3 3 7 1 4 8
0