156 2 579
226 846
670 1020
689 459
837 487
323 532
732 842
715 908
162 585
72 124
164 82
19 231
639 21
1022 535
463 793
531 360
726 904
102 701
833 90
437 619
763 819
500 744
273 275
406 86
268 106
803 77
989 44
147 743
916 647
274 232
219 528
467 560
479 1020
310 863
1025 483
57 790
964 464
1012 152
1021 996
594 480
1012 786
189 69
665 917
32 457
488 952
707 161
705 561
471 956
330 117
63 285
89 854
414 359
315 393
729 269
489 974
192 578
959 775
864 469
522 718
552 443
532 98
251 995
937 318
853 430
262 152
336 751
178 495
2 267
630 645
217 1013
311 169
804 88
797 727
890 168
237 602
690 409
104 206
385 370
1017 182
286 462
529 516
430 355
671 541
459 261
706 884
585 717
692 228
595 259
43 836
289 625
890 249
643 558
5 95
1010 544
319 922
1008 869
346 820
629 253
800 835
347 844
7 900
872 298
640 685
902 336
707 103
610 786
974 348
940 710
999 40
843 590
583 192
252 244
226 815
10 20
699 443
910 65
230 14
644 511
220 438
56 616
407 805
266 30
187 1014
1043 632
802 849
585 604
755 170
588 281
244 824
740 807
472 564
158 595
928 750
645 1019
466 727
767 655
251 205
795 485
852 1032
311 457
482 649
42 868
439 771
712 607
615 671
497 169
542 100
536 256
481 1008
678 353
152 299
68 537
427 574
533 630
767 337
530 168
522 490
516 277
987 279
956 143
500 592
438 769
377 637
1001 1033
802 205
438 568
846 691
385 559
42 955
144 190
1011 509
95 435
827 438
803 809
463 155
115 508
11 536
702 709
632 774
742 123
379 899
584 173
746 635
575 945
534 82
535 509
563 175
773 594
428 307
229 469
421 478
35 947
819 151
763 658
678 975
737 292
446 477
309 594
172 704
993 191
502 431
384 928
888 89
181 374
523 527
714 228
207 254
337 543
920 469
311 360
251 706
563 114
661 517
877 239
535 320
1013 884
298 372
815 841
446 253
381 131
320 669
375 190
681 426
728 106
445 492
1037 305
20 148
154 526
401 283
479 1021
854 437
337 537
701 945
905 1017
327 876
318 49
590 453
281 542
712 669
712 994
726 499
93 553
694 1009
927 491
117 725
702 526
653 685
669 568
196 281
327 857
512 193
303 916
634 337
598 48
853 539
45 122
295 705
879 336
638 800
1017 859
915 408
703 191
538 24
1030 87
18 571
30 639
350 277
823 444
143 124
720 900
663 652
906 544
923 467
977 711
389 782
299 560
191 230
971 488
581 204
98 674
1 196
842 232
12 111
419 179
973 724
832 268
651 592
434 205
904 301
988 579
141 65
1022 762
235 806
278 573
475 175
101 440
770 240
972 831
261 974
152 439
596 681
1046 64
70 541
760 841
735 510
72 595
516 761
149 914
581 703
387 424
878 585
412 611
663 491
861 549
854 213
591 222
497 500
30 460
851 557
409 44
165 500
1002 585
106 509
95 312
481 648
912 309
117 652
494 465
335 206
5 672
155 7
839 965
561 485
1011 916
812 495
597 324
937 89
241 808
74 688
594 51
636 823
10 1029
560 361
26 884
494 1008
953 1044
983 28
333 481
796 321
637 447
510 894
22 328
416 743
276 449
219 1038
151 906
747 701
426 468
54 625
1044 592
5 761
10 63
647 655
622 153
1015 388
820 631
751 727
758 991
329 658
1041 735
670 445
434 136
722 718
32 765
507 630
325 877
426 327
960 54
948 471
211 144
700 1001
790 403
954 914
260 918
946 486
436 942
1031 831
976 486
561 864
524 622
508 618
432 1044
25 909
478 970
609 875
415 284
676 680
948 287
440 694
866 326
533 59
141 736
771 492
476 435
456 429
725 564
1036 448
891 243
462 869
776 568
453 356
226 279
1003 159
857 829
131 1002
3 1040
1044 105
304 916
920 247
948 620
685 22
833 302
473 234
445 75
45 559
939 61
227 520
938 230
176 307
900 587
217 863
943 337
173 772
254 1012
66 407
339 709
769 603
284 252
568 650
525 735
865 395
561 1024
366 895
537 574
556 57
906 97
803 438
919 36
42 43
922 484
778 888
29 79
439 288
159 598
824 605
821 979
285 396
972 337
77 209
77 665
69 304
925 886
354 562
817 173
134 706
298 565
297 462
902 643
631 554
432 585
604 415
582 624
37 1042
972 734
292 37
985 792
16 43
529 390
80 548
500 637
482 968
997 20
447 159
627 504
932 1032
489 821
207 726
183 83
873 410
841 755
422 193
47 910
99 782
623 464
756 450
940 51
284 953
977 59
383 803
619 129
888 1045
653 1009
922 214
730 607
559 359
220 928
334 423
640 721
833 88
982 438
1016 819
540 450
406 177
191 228
214 457
462 136
247 406
981 689
701 13
264 1010
510 801
783 529
595 27
55 198
308 878
43 1023
748 687
868 799
755 346
587 139
993 322
513 245
595 1002
809 296
710 795
349 989
742 308
713 831
398 784
327 456
174 837
709 86
334 598
525 415
452 705
364 874
974 990
376 545
687 1020
135 395
998 605
177 806
711 379
454 749
169 76
76 866
185 951
58 869
224 49
136 155
173 759
482 956
360 417
827 469
622 971
262 750
303 554
80 205
801 653
522 1027
789 445
979 571
116 907
411 753
366 729
430 838
505 210
875 239
849 1031
2 560
