238 2 110
262 512
181 70
81 416
319 303
439 375
365 73
387 274
116 6
389 509
42 518
238 247
516 172
44 565
566 264
71 223
487 488
346 333
293 197
268 390
482 520
358 317
142 233
134 299
409 44
391 78
102 462
69 353
238 333
375 208
536 298
362 476
256 5
263 437
29 187
362 215
43 467
377 415
522 36
10 398
549 82
487 323
461 359
22 450
193 55
72 387
59 225
189 480
520 235
372 51
492 155
400 351
136 288
224 153
90 242
332 157
283 112
424 559
146 386
412 332
1 51
318 197
166 247
230 190
424 305
124 522
546 26
253 222
261 403
503 284
235 352
405 59
20 42
14 59
565 508
416 389
431 12
274 131
361 173
34 65
189 530
9 25
273 69
344 403
126 212
260 230
543 173
132 46
469 219
321 336
65 485
440 104
489 185
440 241
34 286
552 403
100 44
46 456
434 125
128 402
8 428
174 119
160 85
436 175
116 560
129 220
557 461
162 300
158 164
104 283
331 140
