945 0 893
386 1101
602 110
845 1191
1040 182
1182 972
638 125
5 1056
1409 1038
488 304
33 974
566 1237
197 1152
703 461
1467 1210
1140 1149
289 206
1107 572
473 386
1007 509
209 895
1385 1118
457 373
689 950
177 1065
166 1200
1053 812
937 1087
609 199
801 1392
204 255
902 474
415 451
1081 1258
1409 1148
44 813
330 601
238 532
130 948
837 192
805 14
803 852
324 813
271 415
649 554
86 1225
1051 171
62 837
651 1377
553 328
313 643
1236 865
1329 925
220 96
1373 404
255 1380
567 720
34 865
93 466
417 1129
589 961
264 873
764 1446
221 1298
1251 207
661 835
494 279
1405 944
328 401
1116 1422
1309 799
408 1352
457 382
450 1411
712 455
863 1075
230 287
163 1454
881 698
242 776
1177 1368
1451 686
1144 124
49 1270
222 933
558 1170
1172 274
1054 103
663 1345
703 624
1147 553
667 1272
362 860
482 1043
677 200
965 140
627 898
756 1053
589 1272
969 1209
300 1328
231 1121
1225 756
1449 717
961 400
692 237
1319 769
886 504
1290 1054
812 387
977 311
489 743
862 1321
899 521
629 872
182 1196
1461 358
384 265
1173 989
877 453
879 551
985 409
1417 1306
1162 4
9 1433
179 802
509 295
1120 639
1347 1459
966 657
712 12
692 224
664 1118
1424 1085
1012 419
1013 750
835 583
303 1427
1430 74
1273 1238
345 320
670 850
702 770
885 693
1148 300
442 1015
1077 1021
1283 646
1055 69
825 266
793 873
1443 1279
528 1062
1333 339
1105 1128
161 118
1191 360
426 370
1360 1100
243 773
1139 769
597 1446
737 1295
1251 1090
424 20
655 458
1085 1400
938 257
39 546
369 136
225 459
531 1061
1133 1444
710 1274
583 836
398 541
206 1036
281 530
9 1138
553 87
1080 1140
417 1104
848 724
1048 898
1393 242
97 375
1249 1043
908 1104
1348 22
2 956
550 1192
1035 1355
183 301
951 674
1344 537
1042 905
812 212
1352 840
1132 685
44 1074
1423 823
959 990
1182 1305
1012 362
1134 936
787 897
1452 1177
137 307
316 952
26 1212
68 1374
8 740
471 912
500 191
1295 1160
556 968
666 115
1246 1165
229 291
180 117
789 1086
257 1099
143 715
879 1352
113 655
824 838
368 663
808 1328
1153 283
263 1120
1013 1400
624 108
1069 164
819 117
1276 1054
1357 692
85 496
222 1223
352 1397
784 12
472 26
996 1445
816 1332
1353 845
643 981
768 282
806 464
410 463
865 792
344 504
1115 154
75 1296
805 481
236 1171
837 569
354 947
1091 1392
1024 237
128 814
990 129
1252 126
178 448
1330 322
510 977
1281 1033
32 346
996 826
137 933
88 372
127 923
450 269
386 233
169 836
1396 473
213 1396
1441 1285
1131 311
206 1028
1003 779
495 1437
1392 145
447 1219
1273 387
1225 571
155 68
831 117
675 1424
410 817
1458 472
1009 430
278 981
634 1181
369 1165
1398 563
822 632
1384 865
1394 633
89 203
698 718
784 350
14 1097
549 810
1436 1042
879 207
744 620
650 1193
1270 609
834 311
1033 921
145 1089
623 887
1338 1075
295 188
729 588
1115 785
1311 380
1116 188
393 469
688 21
1062 1280
399 470
1414 953
991 1174
1080 468
153 867
1251 1261
619 1169
1045 1180
904 535
397 916
551 478
335 368
1145 3
288 1293
635 1180
288 120
903 345
51 517
1268 885
513 536
1375 684
29 805
149 937
256 906
997 1050
918 165
1386 1018
689 551
508 104
921 496
1294 479
6 1281
385 797
551 1073
855 411
397 1374
498 868
317 796
424 217
231 487
540 980
386 1161
480 1038
239 1215
562 1441
597 675
475 1260
544 704
504 829
941 519
938 302
55 85
1394 451
344 1058
1005 1137
1355 1414
481 1139
426 952
36 362
385 507
86 1382
1149 811
35 441
379 1067
1311 965
888 1352
527 227
869 980
226 772
636 1331
1454 697
671 661
650 1285
1457 1370
1376 1397
145 648
296 450
1014 1040
97 298
263 1075
629 777
260 222
397 750
252 427
1055 134
520 1155
1454 835
1215 742
655 948
673 403
169 125
772 103
344 1353
1105 540
521 653
900 275
1455 1220
1169 1192
347 1107
1397 138
753 1036
963 1158
527 800
542 755
801 841
1295 567
944 733
904 1437
1043 473
1456 1170
593 526
562 1374
320 136
883 174
1320 930
1072 1382
182 279
336 948
753 353
211 938
1436 112
1205 723
710 896
1395 666
900 488
732 1060
1153 7
1434 1443
1217 374
1024 1299
592 1177
1203 876
718 115
74 484
539 141
23 428
589 229
293 1074
956 1314
1427 1441
553 976
467 1051
1422 582
126 160
1409 499
638 1355
352 909
1272 113
1426 1299
796 630
1147 1100
391 397
1062 624
1116 1223
517 50
564 1384
477 638
691 978
221 479
1280 1395
727 413
327 414
627 1443
209 475
1326 1085
907 77
989 291
1132 1385
109 481
1423 53
288 875
69 629
939 940
737 740
51 24
31 11
99 940
558 128
892 485
805 332
163 406
1125 1081
360 1154
208 933
583 1060
418 510
1266 1107
684 252
390 1275
1439 1364
10 948
1250 128
1161 493
489 1298
918 325
1324 983
1156 923
618 666
1192 101
664 1198
551 1411
785 722
726 1274
291 1097
1397 1075
636 331
953 301
1118 1110
703 976
1096 4
558 878
1316 857
626 1350
147 107
36 862
1221 399
899 558
1367 978
1087 1083
632 1105
172 141
1016 1126
850 226
888 1086
1461 1325
281 741
1455 23
796 376
210 917
840 1174
318 805
331 269
923 887
565 1415
316 649
417 1265
828 1326
501 833
232 1158
912 1135
570 223
1422 516
1271 876
487 1368
516 599
119 168
1107 1373
1039 470
170 726
1092 256
926 171
161 16
709 215
703 1097
1205 524
579 1058
1452 279
202 1010
1276 836
504 632
1024 378
241 1192
643 883
585 269
443 325
1176 434
509 680
982 887
1123 1259
1301 1222
164 122
265 1451
47 1312
388 259
520 1452
270 876
1398 528
1264 1304
1266 363
546 1010
1198 224
50 366
1008 471
1430 1325
1040 162
72 532
1449 813
729 951
213 656
704 1421
1081 407
1146 1367
1001 826
1130 839
954 192
1299 614
557 733
906 881
204 951
208 542
219 1417
1307 899
1050 841
1313 802
1251 1136
152 1426
768 627
554 279
1080 693
670 274
772 645
774 674
1124 1342
418 179
577 1004
533 1023
391 166
831 477
1208 354
257 894
344 873
186 311
357 926
390 430
939 976
880 665
1022 822
248 215
1164 1458
1051 1372
611 101
167 772
1018 802
895 447
1112 584
916 273
575 229
938 1337
1099 1007
1415 978
1020 1057
1136 1287
1432 677
93 1096
1194 1317
38 974
369 636
1459 222
116 351
851 478
158 1403
100 1177
531 425
41 567
1188 1069
947 498
651 538
110 580
942 141
814 1383
1457 408
100 181
554 1184
686 1296
1450 373
177 831
128 366
1213 1295
175 373
50 1255
1054 90
668 1322
1157 169
1240 1223
936 1322
316 1433
1197 112
1180 543
236 599
125 292
544 374
795 981
1334 1003
520 370
588 935
1391 117
93 653
312 792
151 622
446 946
631 576
102 1159
499 652
1366 104
989 197
859 323
548 217
1419 1099
1307 960
637 796
1156 125
192 1001
1149 782
213 1149
1067 131
869 1408
751 1126
311 604
44 1140
1349 556
1092 688
268 751
981 379
1088 912
401 16
347 167
1110 268
1468 506
805 605
84 758
1042 561
419 1194
1303 356
935 842
255 297
973 1061
695 396
392 836
670 311
369 227
732 327
366 1206
877 1437
1059 739
325 1203
958 145
708 77
1291 608
1404 657
804 1285
1115 212
1129 218
558 1137
1357 1313
803 1083
583 39
501 835
1463 784
270 885
104 906
134 97
52 443
1060 607
960 869
891 596
776 1271
1232 578
294 1066
1235 566
509 99
1288 1310
592 433
996 888
599 567
1142 18
1156 1043
71 299
356 1382
387 1008
625 1386
261 346
698 314
785 1381
1279 1314
280 168
641 1087
1202 1010
855 30
592 230
563 868
1321 45
394 495
228 389
1297 1079
335 1184
342 1146
801 917
1013 1240
1114 1212
815 1250
1067 16
489 3
810 758
1435 1134
102 1322
227 106
912 1094
116 2
1319 8
1049 1005
847 924
109 833
166 1257
1095 1185
1293 854
1279 364
134 43
798 780
1288 543
1165 914
280 217
467 1069
1149 125
769 205
523 34
1396 844
31 171
989 343
797 936
798 683
323 1428
675 617
455 405
524 847
79 961
736 305
1412 1022
868 1020
1305 1051
655 569
1374 521
653 1164
1380 106
171 1146
446 803
730 569
71 998
1188 943
495 748
729 1075
1091 627
853 901
1444 1197
308 933
130 81
357 1199
1258 584
1133 146
31 1281
1346 1321
1366 822
1345 1114
224 134
892 208
408 431
1283 652
498 456
544 70
452 176
375 1068
913 1269
1362 742
1367 402
735 1389
334 274
974 420
289 544
185 762
835 344
1277 450
577 1149
583 806
531 62
61 721
