1397 2 747
1265 630
784 248
211 482
418 479
944 1297
1054 859
509 710
677 201
99 341
459 1020
891 90
815 1009
1277 587
257 968
85 672
1341 944
295 985
557 873
276 367
1309 1240
618 1184
836 946
964 1375
1090 48
1287 53
104 300
1034 910
556 1096
985 491
600 139
1311 697
585 59
1310 568
493 592
778 743
674 601
178 1282
736 1049
446 516
1193 440
43 387
1301 463
1146 98
1243 559
1037 232
841 13
1286 780
829 564
904 307
111 936
457 704
613 125
1356 272
590 483
227 363
1315 833
920 479
1305 718
712 297
601 774
865 11
721 765
160 582
622 532
1049 707
511 1320
20 1097
116 502
296 332
584 37
728 1250
1079 16
1105 846
148 858
1293 1268
1146 26
1109 206
54 761
697 630
502 1336
952 274
1200 418
544 421
1104 921
507 1054
608 619
1041 927
613 823
198 868
983 103
242 878
1218 706
632 1278
215 519
836 1007
1172 1087
262 542
505 308
1183 1027
117 174
870 6
131 1012
557 262
376 802
939 295
207 1090
841 506
235 581
229 392
318 878
213 248
1374 387
996 1236
868 609
449 1264
204 1130
443 395
657 933
942 1121
686 798
656 1061
236 530
931 315
846 1005
197 297
1067 158
846 1356
1045 572
1361 1301
673 767
1110 711
1185 647
866 1226
1299 185
23 382
370 233
1218 630
765 1072
382 781
1327 701
159 145
741 675
751 110
1354 489
257 970
577 1194
372 1157
107 940
410 1245
49 341
68 809
835 1071
438 556
235 885
221 7
366 932
1358 1287
83 1163
804 331
1150 543
903 601
1330 393
723 1009
247 662
282 1209
1304 282
190 775
315 364
407 182
1362 811
833 601
1318 983
585 1186
500 1128
920 359
49 1183
431 1044
156 1279
578 1233
415 21
747 321
778 446
697 889
1048 984
234 289
730 506
491 201
1147 442
1046 477
151 199
258 659
396 219
638 124
1128 94
1333 732
1011 1038
743 1242
75 830
1148 9
42 1168
1319 564
172 729
661 1286
565 677
292 136
1052 650
1054 1341
1206 826
509 1033
944 177
789 631
582 534
1100 351
877 122
1374 869
375 672
928 1327
224 971
891 35
816 210
741 437
252 254
912 219
1131 1300
678 490
1362 594
777 807
570 102
143 611
474 519
254 219
820 1038
4 325
152 1272
1061 229
294 591
138 1216
1305 16
10 1173
1200 831
90 1167
1289 1348
917 932
633 1093
336 985
1047 610
944 1191
260 653
471 1189
1301 653
141 483
1065 264
205 484
370 883
657 429
900 1262
1122 703
113 632
522 435
1368 569
181 1167
861 664
1183 499
723 678
900 482
802 161
1157 661
799 480
70 704
318 1015
562 176
852 453
716 1047
6 456
1347 312
76 1363
1187 683
1231 1261
751 1220
858 59
1350 268
1092 570
273 302
80 150
704 776
149 131
1094 491
1309 823
718 274
1270 118
413 151
186 522
913 862
412 469
1054 832
746 914
477 1226
1097 81
1194 1097
774 53
331 405
990 923
426 23
514 9
1154 386
634 852
873 103
1147 206
108 1087
612 350
1092 1152
422 196
81 1139
784 332
365 1219
310 1278
637 1272
386 6
1313 717
590 592
409 460
562 413
192 302
734 168
1192 301
706 971
971 786
840 301
878 1055
386 9
850 1189
429 1178
923 360
874 750
61 803
522 1247
1022 111
93 503
365 1155
996 372
1049 661
460 1116
1053 1339
1366 495
66 971
1234 116
1270 378
322 659
126 247
845 492
908 828
1099 744
168 112
920 305
468 460
692 161
1140 55
171 425
205 785
771 715
1092 546
1215 585
571 588
906 790
807 731
17 161
442 847
1150 295
587 756
1336 1277
603 292
447 1311
113 1118
63 218
870 111
248 188
707 833
312 379
441 648
832 1115
859 135
1230 1373
701 689
688 249
628 277
226 841
452 358
714 1156
325 524
1090 479
613 397
752 393
954 1314
185 667
942 224
1148 496
1178 743
516 1159
455 156
400 790
983 171
178 135
920 217
474 602
530 414
926 866
1359 516
1220 671
476 477
485 746
304 230
689 121
194 1339
1039 847
1233 1023
400 773
712 949
956 1318
1197 898
1116 554
598 576
360 732
227 651
915 292
830 925
917 335
1321 534
1271 67
614 27
19 1124
734 838
978 27
1342 113
998 1077
203 171
1094 1283
1279 580
71 290
688 449
607 1131
856 117
1373 169
268 351
70 1332
515 209
1123 232
369 263
1250 473
1308 143
12 969
37 309
600 312
891 892
1050 1088
759 1174
869 1008
880 648
1026 384
787 769
639 1139
1360 1197
1025 239
818 1112
1027 1291
752 611
867 565
1205 912
1253 546
426 500
787 828
1296 1063
387 1322
1314 334
622 1225
1042 389
299 954
1181 1204
759 914
571 426
251 559
968 1217
317 1004
447 491
213 1302
423 219
558 588
1135 673
562 1207
657 645
272 153
94 311
876 287
240 1279
1188 648
1094 297
762 379
550 723
351 856
369 493
830 650
893 484
685 109
575 174
219 895
900 603
1076 1096
682 202
1346 1352
586 148
885 385
613 485
1027 470
333 937
371 768
1025 801
506 485
522 1059
898 1024
941 1162
401 320
609 596
1308 1060
1201 1074
497 717
822 1069
742 1254
321 915
542 77
686 392
383 1358
1174 795
137 649
76 142
813 1096
286 300
282 116
171 723
1104 974
89 205
453 1328
943 737
1174 1286
787 1209
1174 794
768 228
1296 405
1051 1253
934 735
1280 736
895 835
584 600
722 169
1049 1334
220 194
1362 479
736 822
1290 388
694 1186
475 524
657 952
202 1057
1166 1337
103 754
233 669
1232 694
775 306
618 10
796 210
230 705
1345 76
262 955
381 712
648 781
340 381
1307 1126
1051 518
619 120
1256 458
124 425
995 1273
1305 961
89 1093
344 674
337 558
110 234
764 685
962 862
554 1009
1307 478
937 964
1329 1153
108 389
449 720
961 553
922 202
38 220
181 1261
400 265
1240 688
366 1091
753 144
937 725
50 1232
1037 750
1100 850
469 1227
877 373
420 1249
944 417
1048 247
118 571
1068 1134
1052 1228
686 730
1220 363
421 497
29 704
1065 666
279 209
603 620
656 971
4 1361
868 911
1274 32
1194 233
1089 418
786 781
1207 657
54 794
1312 1287
627 515
262 133
1023 21
293 1208
985 299
150 332
391 1141
115 1029
850 389
357 1283
39 462
124 1143
663 310
645 189
36 757
1147 806
1337 1002
547 1233
1302 988
447 1137
1117 939
312 50
551 58
945 1213
249 1301
861 614
708 1142
1143 687
723 687
516 1060
16 979
1369 1021
179 963
959 617
1160 514
1344 873
871 357
318 112
107 329
415 773
612 903
138 418
84 1163
764 317
1096 1008
392 803
706 120
51 291
1032 496
1368 1213
255 13
673 766
1268 961
568 787
397 1248
1246 549
309 1355
924 245
1066 811
1332 256
654 278
481 322
1196 1321
1358 1086
957 1028
515 329
59 210
283 923
694 138
706 691
330 740
68 1306
727 1013
1021 1212
349 441
58 153
32 440
334 318
920 517
860 1136
653 119
98 870
647 848
630 1163
514 579
730 863
608 883
87 424
1333 1227
502 401
1054 202
419 624
553 748
685 286
41 660
1341 1017
439 1175
1067 508
781 933
1359 1096
485 424
724 28
260 1270
905 1158
1001 230
933 162
909 69
689 888
850 808
620 515
872 233
1278 89
467 388
373 618
163 79
799 267
788 1043
