152 2 196
412 350
15 406
303 58
83 42
393 172
336 239
183 393
266 125
409 130
339 11
24 271
79 393
179 314
313 356
379 405
13 397
210 254
13 322
278 151
415 300
379 5
374 42
361 32
172 17
300 330
367 316
327 409
195 212
184 265
263 394
19 42
117 92
213 51
114 387
187 41
374 283
337 250
300 266
80 164
77 192
166 26
177 121
209 9
335 222
352 196
107 219
304 235
380 298
14 281
119 39
60 316
214 236
350 112
247 174
374 147
9 210
160 208
348 140
402 25
34 45
183 11
255 267
292 404
253 302
138 46
16 320
279 388
331 236
169 107
347 401
353 274
295 147
362 311
382 265
349 27
324 324
53 198
68 91
309 364
207 388
226 153
67 89
184 313
194 200
77 417
344 275
44 272
230 3
52 182
107 122
288 62
34 11
359 31
82 373
157 193
12 274
281 114
119 226
256 291
272 60
219 300
140 288
256 133
172 329
187 305
137 275
212 286
120 280
347 41
340 303
413 339
374 7
250 86
301 108
42 347
36 69
107 95
91 184
228 344
159 25
298 317
243 356
293 186
231 22
61 116
156 48
297 161
318 254
182 209
52 289
210 85
215 127
418 311
56 97
366 199
178 90
215 141
413 32
188 405
325 256
223 84
325 239
266 56
38 83
400 170
162 368
190 82
263 152
84 331
354 335
327 407
226 371
26 239
293 10
387 359
102 56
304 156
22 367
294 362
252 240
54 165
325 228
161 181
90 20
132 268
262 71
344 58
400 258
18 350
148 404
217 261
24 314
45 2
95 329
53 220
381 128
167 207
143 144
158 9
361 121
375 396
355 334
124 79
168 95
377 50
73 337
157 244
320 4
306 227
187 326
407 29
337 322
251 324
165 114
49 307
212 359
