20 3 356
372 187
390 199
22 69
177 417
204 63
394 245
364 167
157 119
128 60
368 202
267 408
391 62
262 321
202 370
215 151
160 49
257 3
452 280
91 181
370 323
262 447
279 460
73 24
93 107
432 248
269 451
377 372
42 41
340 289
201 436
403 287
216 5
433 42
125 98
321 282
255 348
29 339
126 378
241 364
14 230
426 81
186 262
238 425
178 318
97 245
2 10
454 56
460 168
56 273
175 165
109 173
246 280
384 147
29 128
187 354
217 336
69 321
428 235
345 402
413 402
18 438
459 267
107 284
41 131
245 148
460 143
209 406
355 260
234 199
84 332
384 51
414 186
425 398
444 253
105 433
30 227
82 69
40 70
49 311
399 119
200 137
346 199
108 134
237 43
438 300
132 451
98 147
191 303
433 394
244 64
180 121
194 131
118 5
90 303
442 311
203 258
432 319
367 191
72 44
358 170
386 220
69 62
224 297
451 136
235 68
432 15
108 68
275 132
221 131
353 67
269 86
420 175
182 263
217 351
62 306
214 156
171 52
101 20
443 363
366 71
306 456
108 259
365 163
229 268
130 340
117 190
1 430
158 77
324 149
182 327
244 113
143 354
335 81
311 161
192 445
4 91
106 310
281 203
278 157
399 388
378 51
386 382
397 312
206 118
316 216
172 443
251 56
12 211
17 94
63 175
96 5
370 109
236 183
345 369
228 35
454 438
365 97
21 38
277 209
69 98
354 63
39 137
373 58
346 125
289 131
108 376
390 443
426 324
170 428
421 3
107 155
331 79
204 40
311 2
311 246
74 221
243 213
339 191
447 365
99 221
122 256
421 60
361 443
89 437
345 153
105 154
75 107
111 63
132 405
283 112
196 6
36 387
271 425
235 53
422 294
167 280
306 375
113 28
87 89
142 224
96 136
230 227
345 271
87 167
251 192
318 160
152 360
413 207
72 185
173 135
321 416
410 461
90 171
271 244
457 366
241 372
430 376
84 337
134 272
308 128
321 152
56 264
458 68
93 219
346 238
294 335
68 185
409 374
350 460
331 447
260 194
372 4
65 116
393 371
131 137
116 375
187 220
8 37
1 52
207 268
398 237
340 160
165 161
59 255
61 400
79 49
231 387
389 291
259 331
455 100
424 384
425 144
65 252
454 178
29 210
116 330
370 268
318 281
53 311
224 224
422 181
282 269
195 251
377 173
453 328
457 119
109 8
420 424
397 453
97 176
420 415
199 278
151 47
198 94
68 143
140 50
156 274
161 6
310 80
48 386
74 127
195 166
339 24
280 444
188 372
429 34
315 191
142 318
284 344
391 265
330 11
376 125
298 74
264 445
166 427
131 332
435 179
444 14
450 80
403 166
253 133
3 390
156 52
347 107
408 171
220 371
424 314
70 280
404 165
434 66
449 140
86 422
290 60
88 332
299 355
69 202
359 432
377 14
125 427
193 37
225 291
136 78
447 86
280 392
234 171
442 317
338 122
447 253
246 52
222 38
26 136
44 64
366 93
30 128
293 166
342 251
19 420
104 392
45 431
456 54
52 23
143 142
234 202
197 371
243 39
194 208
151 97
166 320
312 104
276 274
245 450
120 322
307 67
338 355
448 434
17 93
