67 3 810
314 904
612 132
604 719
467 685
310 986
999 2
692 117
781 225
68 615
528 484
131 843
715 1025
591 770
507 413
1128 69
1166 75
1081 114
1019 805
851 277
709 958
37 525
112 60
202 779
211 96
907 448
205 609
541 873
1233 552
138 568
593 450
1228 386
35 901
952 839
1086 928
716 1036
600 1234
385 135
921 1048
261 1136
512 804
682 398
220 1101
217 943
737 664
456 1081
1201 1120
967 562
460 1211
12 652
525 989
161 697
1165 1104
424 658
1241 1150
663 172
655 832
243 1032
1179 145
1038 1097
383 1146
961 913
823 705
299 1210
581 128
738 598
844 1177
1069 1057
911 433
200 666
351 913
1180 976
301 821
36 1003
1082 52
774 38
1038 855
858 693
758 52
380 131
916 600
167 84
786 755
946 357
130 870
169 914
143 1233
1145 442
76 797
1203 144
63 1091
1000 654
763 172
567 259
1137 767
64 1079
145 94
1075 208
171 175
1180 1009
673 304
825 469
782 735
129 216
758 652
519 370
261 462
563 147
492 63
1061 1196
620 1140
38 592
648 949
398 670
433 511
1049 910
718 978
1199 633
170 196
1205 1030
1089 1014
372 693
939 1088
787 379
983 1096
122 904
1139 1105
701 533
221 234
537 330
912 477
707 37
469 1077
353 1075
1124 88
842 289
93 423
596 924
734 3
1216 672
172 995
701 411
1020 108
225 1235
856 851
1021 485
225 1014
629 292
229 1049
326 1067
853 172
730 1127
719 1045
61 61
983 966
392 1119
749 228
928 1105
14 543
408 916
1213 769
566 899
738 64
1220 465
1223 72
505 1206
48 161
287 85
157 883
669 1083
920 1110
276 843
263 1094
1207 172
42 67
864 538
451 94
447 131
1070 1057
77 1182
605 852
292 1217
65 975
255 398
731 875
1118 91
142 568
52 802
961 1084
1060 440
903 731
746 36
1126 884
1052 458
1186 767
906 483
414 768
332 760
3 93
148 218
775 696
530 740
420 715
479 803
188 70
1123 1239
948 690
266 596
1075 96
868 745
890 334
843 347
691 1161
141 1208
177 162
646 248
505 704
559 298
682 149
671 978
31 314
685 1230
163 147
828 293
981 161
806 1095
740 351
764 227
845 105
531 1
980 330
655 35
197 246
601 149
458 918
850 198
894 4
524 859
668 160
1127 1101
19 1244
607 146
330 860
483 1183
835 1195
824 646
1212 1114
1148 1112
130 408
1174 1242
746 150
189 84
964 762
363 657
452 438
1186 450
70 1100
931 971
1057 895
990 390
214 179
333 533
1091 580
1218 634
826 806
1143 985
283 1111
1040 896
700 17
1089 919
911 494
334 739
982 278
124 266
1148 1084
278 494
779 94
1195 421
935 419
937 963
57 1171
779 48
366 658
689 707
17 1128
175 619
35 432
474 297
390 642
139 1147
11 1095
490 936
562 822
222 492
760 547
213 189
74 639
760 766
1150 929
54 429
367 1150
622 511
165 340
182 50
388 339
301 372
383 56
1006 725
526 542
1114 416
907 830
1182 1189
123 1058
302 716
1188 687
949 102
634 821
1215 424
933 772
443 250
759 73
801 619
1075 424
110 169
179 68
16 340
682 591
470 1102
775 955
135 627
462 904
820 294
876 391
322 627
9 15
100 233
833 566
116 880
2 1216
789 1124
1246 817
960 70
768 414
1094 527
401 279
21 542
259 66
539 1238
143 77
234 51
586 806
580 514
707 786
620 279
907 1039
404 1032
1179 126
688 869
968 962
1025 681
826 974
669 204
859 133
285 1241
467 793
515 295
1001 1047
771 368
723 664
827 12
674 20
808 501
490 559
300 463
256 338
739 1175
386 1038
1020 139
1102 36
1156 898
468 432
497 299
784 1119
343 307
45 655
1051 328
939 973
1158 230
6 556
113 1184
623 209
642 1076
982 150
768 375
489 800
11 749
106 498
833 634
1011 242
501 276
138 920
4 930
647 772
94 716
1104 1243
291 591
232 1004
55 278
859 633
1047 1093
821 640
30 572
1113 501
589 1075
1141 819
604 747
622 219
70 697
480 137
327 241
802 543
1169 763
1232 702
857 657
12 122
1098 823
302 932
865 734
1051 697
1069 620
442 1044
746 435
131 446
1056 972
516 507
711 1120
7 736
1053 1153
974 618
232 63
909 1069
772 337
960 543
516 632
865 480
132 491
700 686
524 156
369 266
244 1185
814 144
1114 590
409 233
529 519
670 1188
545 473
817 989
637 1047
992 846
1063 721
462 730
262 1153
99 1060
628 983
933 428
680 1126
834 840
948 708
1070 631
760 1107
408 1161
823 893
835 838
788 406
376 1237
613 367
162 715
462 814
866 443
1119 781
830 669
654 682
1232 1169
229 397
643 508
737 856
116 166
795 656
1144 943
135 726
611 1026
981 639
295 890
1152 621
1197 49
330 505
804 1016
339 1096
1242 796
1098 458
873 795
1247 150
372 1089
1146 141
553 898
1142 553
532 271
918 739
153 857
277 29
679 49
1230 65
565 376
1097 245
617 617
57 1215
365 716
668 1004
402 481
185 696
992 766
580 638
554 994
783 766
1078 965
59 22
789 139
873 991
144 852
1045 1218
714 788
1144 690
472 1127
292 699
1147 588
1077 1073
897 1230
93 887
714 98
267 763
672 931
461 610
285 1120
955 729
721 1131
99 568
724 284
713 626
720 303
92 496
956 1202
583 459
823 333
1163 64
732 447
672 280
762 652
954 930
50 570
485 1110
814 298
801 825
56 1092
989 56
442 1122
965 222
317 691
264 1056
662 1114
749 428
484 1178
398 877
1039 456
397 640
1061 467
368 777
1206 857
246 675
165 535
1129 945
1062 1207
1185 169
279 288
56 785
347 775
485 120
972 789
212 1065
829 775
525 1136
1137 839
61 785
97 360
1195 1202
1045 1045
819 839
999 581
947 1111
532 950
482 904
378 135
1175 122
265 104
570 6
285 1191
941 1164
998 652
43 128
133 1084
519 207
512 1035
1192 834
632 1229
729 773
89 755
275 84
97 248
931 589
143 450
420 218
414 712
1161 763
761 639
1223 23
662 588
333 792
474 836
725 685
412 618
487 1173
1210 10
177 522
1205 539
647 747
1039 1246
195 1089
651 818
930 170
89 564
456 1178
481 4
590 211
342 695
912 790
536 689
779 476
142 1026
1147 38
2 721
349 1127
1103 1180
609 776
841 177
109 597
688 876
356 185
846 186
1117 997
151 967
216 590
241 257
920 5
101 1209
669 679
338 1022
731 598
71 1240
87 1026
791 702
761 453
259 1134
147 490
282 1226
427 50
1039 160
500 169
361 946
1219 928
536 578
382 892
98 176
324 785
95 14
133 1064
892 1203
1078 148
1164 28
309 434
943 147
349 949
406 822
937 966
1007 54
709 66
65 542
929 262
60 895
535 734
1032 187
28 471
387 504
1006 625
1207 705
178 1068
399 1099
851 1126
811 469
652 211
642 756
1042 197
153 288
14 984
174 867
839 829
879 734
914 884
1057 1217
642 785
611 921
35 204
992 1021
989 163
1085 538
58 636
604 253
1066 1074
1052 1003
274 1019
1001 606
1191 705
1194 1085
246 927
46 956
598 937
456 888
137 123
469 32
428 880
1013 60
634 400
12 225
530 463
123 488
362 1185
450 1111
669 625
388 331
399 469
832 1100
704 434
495 1155
444 716
1056 537
1099 666
496 1185
524 367
294 297
1204 181
756 297
924 1073
809 911
662 1065
850 1212
835 300
308 539
277 1104
401 976
1221 954
469 953
529 421
637 901
361 792
326 343
196 1091
1189 1085
681 859
965 463
954 720
917 602
592 1208
993 672
927 687
62 828
23 709
1120 151
303 274
297 401
504 217
893 286
209 372
1076 349
768 780
658 856
1191 190
672 377
887 229
598 511
684 1123
722 1050
1117 317
1195 510
1181 690
502 1079
146 660
159 201
202 541
987 8
589 1027
659 203
425 10
940 423
