1521 3 1266
1042 735
999 790
613 998
914 604
240 1060
1239 219
655 153
1151 1275
991 124
938 864
86 622
1002 40
1150 286
338 681
757 118
45 741
433 742
510 782
145 742
143 998
629 1
1097 1268
124 651
715 785
66 281
696 1273
339 1095
844 916
384 815
256 982
318 142
883 481
1262 422
469 830
409 662
770 862
917 967
485 1202
1019 1242
519 793
156 1241
984 983
394 820
475 1265
89 236
748 900
209 335
1097 217
100 698
321 359
139 142
1171 510
174 1252
1166 475
329 180
166 305
989 560
364 581
342 1275
1200 878
266 193
282 256
691 771
635 1060
552 708
498 148
618 481
957 7
208 814
38 1126
539 182
643 1301
149 588
1302 624
1051 891
884 875
876 758
1264 230
1136 1132
1149 203
504 214
543 925
638 1195
453 727
720 375
657 441
1004 165
132 35
1162 89
924 1244
227 52
29 181
204 104
786 1057
166 268
1241 39
868 696
101 1183
943 845
835 233
1053 812
494 435
1292 1228
1222 824
714 433
723 1223
1169 199
1185 40
498 237
705 951
1104 507
226 99
1120 353
891 1107
1232 783
479 514
782 1076
893 281
411 704
989 733
725 262
650 1124
622 204
747 934
1092 673
494 774
3 780
322 1295
244 631
71 893
923 663
446 26
441 114
1087 800
997 694
1282 561
96 334
1180 663
1071 374
754 601
1086 123
736 1096
104 607
468 117
1010 781
1001 87
248 496
94 1242
784 199
461 247
390 1012
1004 1004
93 422
1231 544
1137 573
1199 107
654 1004
337 667
1025 323
265 231
1044 544
1187 850
165 312
115 101
1141 231
694 733
271 315
707 496
657 738
1035 449
1112 554
451 134
894 213
176 1186
1231 1129
13 160
104 1307
666 683
558 975
112 1304
1146 1268
88 582
484 1225
343 1276
519 572
61 1179
686 66
1139 924
468 230
492 847
464 57
781 880
595 929
122 301
149 1308
122 571
430 1010
945 345
550 1137
1068 992
475 468
450 244
721 769
85 1110
919 704
629 1299
216 241
1282 604
1166 272
607 1156
186 1222
1207 1231
719 864
428 437
1252 769
1060 304
1153 793
390 535
1082 1302
410 837
162 360
257 386
850 162
983 512
1217 10
156 920
1126 435
158 1259
1172 570
1251 643
1126 1102
961 537
674 482
1060 1027
125 757
130 561
318 737
270 199
1190 494
694 1074
865 541
364 1091
955 134
397 943
929 303
1072 1140
1057 1264
798 820
447 24
204 958
228 706
1199 956
656 1056
814 1170
1178 567
318 29
666 403
1168 323
993 29
1058 670
219 954
1023 191
95 93
1201 590
820 970
1125 1187
732 614
1305 158
362 4
773 689
1003 547
288 605
1187 737
1001 245
140 690
412 187
323 36
685 527
712 45
222 951
568 294
141 723
1064 675
152 365
756 556
56 653
724 965
598 300
1260 1272
140 838
55 961
1001 339
228 684
254 1264
1115 628
1162 1047
122 1140
415 738
375 987
1240 856
69 796
73 580
38 699
1138 497
953 1267
1053 1005
1218 1276
1022 1251
1279 887
1179 231
467 1158
448 454
693 1045
451 294
121 1253
1054 1037
753 413
83 1032
1132 200
564 706
1066 1080
454 775
1261 292
1112 749
1189 244
411 1215
374 652
1156 70
718 249
1144 20
871 924
937 399
299 616
61 269
105 977
628 565
517 823
853 8
18 367
160 1181
67 330
548 1164
546 171
633 1152
678 1275
208 713
779 191
486 542
1248 302
1291 531
713 683
785 1199
205 481
1213 624
179 276
802 606
557 1308
489 484
555 354
1092 806
1104 344
481 1147
1286 237
962 596
42 1286
605 897
758 97
459 694
428 1307
513 608
419 616
871 1071
218 432
940 263
898 1104
26 576
850 248
864 1139
107 528
171 1187
259 1305
117 416
247 1280
1269 1055
1253 464
661 405
301 453
751 132
1234 663
1301 687
519 278
298 212
23 1185
364 47
587 276
1017 369
899 325
230 31
368 648
50 801
1023 181
267 7
450 137
740 503
98 316
315 234
1066 1207
295 1244
41 717
504 1294
523 1036
1122 891
701 1208
750 1192
948 692
164 330
394 803
70 347
306 105
901 693
794 22
1032 523
1034 600
492 602
138 387
1143 518
376 1196
974 247
80 1062
395 233
1158 93
334 731
1223 273
991 71
690 292
189 359
687 861
797 466
359 1153
313 1076
300 93
491 1011
600 721
1294 923
596 1044
311 483
578 311
69 1068
415 418
524 519
1001 1222
1031 1261
478 144
97 716
1144 1275
727 1097
760 787
854 11
1206 464
639 642
948 1183
200 298
766 329
154 42
1078 968
98 1034
179 963
1147 327
53 211
81 999
1204 1209
387 994
1162 1048
600 1065
735 176
157 492
1174 748
772 354
640 1080
1199 354
873 15
968 649
253 1046
97 540
961 405
785 274
223 149
440 175
853 978
421 229
338 834
422 270
584 1036
398 976
817 160
966 1099
310 278
977 797
1263 692
1117 676
1090 533
696 150
897 628
1087 839
60 708
1183 1067
469 137
1086 364
500 551
754 738
1211 1093
1161 740
608 343
118 1191
554 533
815 488
34 605
1157 203
660 1170
498 1161
926 766
29 151
757 407
16 405
771 1128
76 175
319 966
446 730
1168 800
1078 987
92 192
1265 179
1019 805
927 1237
406 920
156 925
247 666
945 821
35 158
1047 759
62 1238
1084 520
918 947
673 653
190 1081
587 113
1115 251
155 331
909 1121
1245 205
104 256
74 1173
343 159
717 291
250 625
969 314
997 579
654 246
991 425
489 219
317 484
1206 132
718 1063
559 858
723 294
1260 1284
1135 1030
512 530
1271 1202
530 73
165 464
528 890
847 1250
109 961
1182 756
431 687
859 526
34 630
994 717
538 400
378 455
412 251
93 654
1011 1285
909 179
351 1241
1174 553
1232 629
270 308
1071 307
625 862
1023 1083
818 1151
819 48
637 1187
263 1248
78 523
673 617
294 1190
804 317
918 634
1072 946
425 1159
281 243
341 242
653 832
301 185
422 3
92 1173
83 52
363 621
353 189
650 1114
695 473
945 748
12 233
1248 362
366 1125
292 878
82 776
918 594
366 54
584 614
743 582
1058 1068
241 1129
1201 427
1031 467
721 366
561 100
61 606
1258 634
1255 857
953 615
358 756
762 328
51 652
1011 361
909 864
578 609
971 372
1071 1142
790 866
1207 624
961 620
959 982
554 777
713 149
1255 903
481 667
75 710
1038 1139
1233 700
777 864
858 143
681 686
1015 583
806 814
113 51
726 527
1135 862
721 549
1159 878
1063 808
61 386
408 672
21 856
328 931
141 633
1178 504
153 1264
1221 565
547 648
1280 279
639 1219
256 1142
1252 586
211 498
896 1254
376 710
986 853
860 776
276 992
892 589
1250 1287
1216 1054
1119 576
648 265
1005 1171
960 423
233 1261
837 744
536 1000
819 939
951 785
470 226
758 1285
391 1266
983 107
544 552
694 1120
672 88
1051 834
197 146
25 171
843 230
563 790
579 959
217 1135
529 1118
891 784
237 178
879 466
1151 1032
1078 435
94 1035
1122 1112
1191 226
88 532
904 1113
191 605
728 314
570 1178
873 369
1299 531
1046 1289
46 20
537 770
96 158
1192 491
698 988
1209 899
524 1140
1112 1062
683 627
422 1305
369 826
960 56
908 726
1008 940
856 14
475 590
539 248
882 748
1005 1067
149 1045
409 448
355 505
780 506
1260 180
420 522
1234 1191
103 397
1077 454
1193 714
749 1248
707 1292
828 653
607 975
1223 669
255 98
546 1126
1291 216
283 133
663 508
4 165
1022 624
484 235
201 460
869 1288
924 995
1006 538
1272 726
453 157
1054 359
229 1213
573 852
968 1033
843 166
583 828
28 904
287 1015
1077 422
667 39
37 558
958 714
550 787
20 65
338 121
716 1022
571 1097
190 716
110 440
681 582
782 275
867 1229
1274 34
661 948
658 96
300 777
722 188
143 891
1299 1056
184 680
903 611
396 871
220 1303
616 1004
81 1088
68 2
397 617
141 283
825 1127
114 698
1152 1024
357 816
227 1068
308 213
1051 760
732 759
802 361
1115 583
343 1274
814 106
344 185
1024 740
8 438
1152 1031
1056 902
589 260
556 638
304 626
1225 596
459 178
696 53
287 1091
1099 1231
628 570
511 1265
287 13
267 728
1255 120
338 489
90 1190
155 1071
782 1147
1165 747
251 415
1203 634
1033 746
819 679
880 748
428 243
550 726
178 734
166 1004
332 804
1092 733
528 1105
312 919
169 1294
258 1279
569 724
555 492
606 657
519 471
1139 723
366 882
992 830
1275 336
1053 531
626 730
1214 176
626 233
310 674
233 1161
589 973
623 123
601 823
672 463
139 257
304 57
538 78
1015 907
1050 24
326 490
11 564
438 445
1074 1212
1170 1233
980 972
343 694
1220 323
964 552
1166 28
448 814
1103 532
1209 754
116 77
865 1199
975 1095
1078 1187
827 549
693 380
296 1219
1173 271
1302 1155
916 1232
262 9
176 986
1153 152
878 861
270 261
1182 65
1061 390
1119 612
741 446
1240 633
588 780
428 788
1040 1122
941 1218
1269 920
344 785
446 970
1271 431
147 1004
873 208
130 507
1305 335
1097 175
1121 1154
398 550
177 1262
841 920
745 775
698 299
901 1297
1224 384
1120 1295
856 391
1037 547
371 666
292 1235
855 1267
52 359
116 761
1291 539
10 1129
209 946
293 313
1170 847
255 856
742 149
196 66
550 82
149 1242
1 791
237 292
447 638
90 1303
879 1204
95 164
711 346
513 830
59 1000
308 42
577 1035
148 224
560 859
1050 902
243 1144
1290 1099
146 286
635 542
1143 380
416 770
371 256
1237 280
155 12
1033 873
1277 19
1251 333
797 729
1124 650
989 23
1257 601
959 1098
1308 77
1216 1016
736 767
944 846
219 827
649 94
1075 391
26 278
1232 563
1305 233
703 1216
618 1007
746 587
1083 1089
1292 225
749 17
300 1002
1057 1091
1083 612
1285 1004
1032 601
526 246
483 781
1192 362
848 619
327 591
503 919
540 921
533 106
701 431
313 387
484 860
7 96
555 986
1089 188
868 467
888 728
1046 1252
1050 931
1098 343
186 171
544 576
817 766
120 1012
472 178
244 691
1240 598
1167 552
97 773
709 599
268 961
1185 350
30 1095
643 708
1257 1085
421 182
455 812
946 108
155 435
606 873
957 709
595 1107
53 830
315 788
1024 1295
1246 219
361 70
1132 188
821 294
859 1111
131 1178
1034 885
580 712
817 1303
921 385
1105 1185
401 597
200 1202
348 272
1067 723
185 568
215 514
99 476
982 633
111 396
373 385
999 159
713 823
455 571
160 199
13 617
348 850
1250 1026
985 831
1135 631
1209 1192
1151 808
782 834
1024 1059
1133 1113
224 904
863 135
170 213
766 1265
445 886
816 45
1239 201
1116 1218
974 1249
369 237
67 737
1084 826
1147 247
322 963
237 120
1096 729
1224 24
808 997
1264 388
1174 618
686 356
213 1270
185 486
566 638
1060 748
584 492
1062 509
906 257
1137 549
748 1108
556 1236
25 618
65 428
103 711
1065 1155
544 413
834 759
354 1013
771 117
1175 817
1128 978
44 804
317 14
897 113
1171 1277
250 1304
82 1116
866 540
791 697
451 741
918 1107
852 922
236 928
399 1227
688 390
135 929
885 532
106 91
573 834
711 1172
518 950
807 975
1288 880
988 6
353 348
732 646
31 308
676 1212
1289 688
348 286
115 1286
1100 434
542 651
1067 131
883 1042
225 1048
1120 142
651 455
57 118
1287 628
113 56
1147 451
327 1079
128 16
1220 1175
955 930
28 1103
1005 247
1082 917
300 145
927 703
589 6
229 1043
484 1300
275 1087
1254 1041
1011 1038
806 389
383 1253
501 1079
281 576
1270 1094
940 1238
1196 16
232 139
1019 956
508 399
319 629
1026 1092
1005 696
303 882
898 399
754 7
1273 749
1267 727
179 1153
519 1083
1160 177
105 341
169 1291
147 474
917 442
1074 1118
1230 487
1206 290
1211 35
209 254
1011 1134
1012 1128
1299 583
370 386
1095 1273
277 134
234 555
218 609
476 599
1125 781
616 340
406 211
440 101
1096 967
1230 750
1224 428
635 794
748 162
771 601
310 1302
979 42
249 1212
64 449
459 1148
1183 539
237 1209
176 824
144 194
229 1179
998 368
791 420
786 1092
1260 51
824 1259
930 589
631 389
306 1170
1214 1107
709 578
400 923
737 1136
599 524
589 1134
468 759
1134 37
245 1076
455 635
397 1284
184 17
586 17
777 412
