1576 0 1311
1111 416
1001 933
541 888
391 442
1056 1027
1055 808
330 702
1220 1116
729 662
549 473
1 627
907 32
554 169
109 857
361 640
640 242
943 1088
175 164
570 1177
310 635
841 39
359 1237
112 708
598 74
918 1301
1106 620
490 869
92 871
1290 296
587 1134
468 1315
56 1126
501 264
308 62
115 447
1060 318
565 1292
879 397
1294 983
64 948
1130 429
115 969
805 1033
1171 858
1137 993
1313 789
1051 1313
644 564
1066 848
1140 488
390 982
953 622
1316 99
188 788
490 366
1312 159
553 199
615 63
1157 1248
342 1076
1016 671
739 1288
528 224
376 453
984 186
199 24
646 583
364 300
962 525
325 97
78 819
780 565
1212 25
681 682
1092 623
1256 222
88 1100
543 576
233 1139
940 44
158 358
518 1319
348 1099
436 216
544 1220
869 51
1233 801
641 1237
45 495
1188 696
566 1163
577 612
539 699
681 84
236 511
1123 771
678 1262
1172 1253
271 1249
774 41
175 538
1314 1219
177 785
922 94
302 368
637 873
626 1207
882 1236
666 440
299 91
992 1154
1216 771
1077 1164
313 196
628 232
162 575
1183 31
718 874
463 805
465 611
1281 474
528 1252
518 1131
1095 231
1200 969
1193 1297
1102 59
262 214
854 110
862 159
32 1172
70 924
785 636
1025 54
557 1215
744 556
343 519
871 718
653 331
899 472
947 163
1270 731
1290 1091
1132 61
402 1280
209 375
1073 628
1233 836
38 709
399 575
1310 1316
340 817
888 792
244 1236
421 641
975 378
1097 403
769 712
936 46
1155 319
742 1311
847 1136
590 555
1121 326
368 1004
537 402
81 824
978 461
554 857
154 296
126 294
646 1015
1189 56
257 429
330 936
1233 619
191 1190
230 1250
23 669
800 21
427 509
1297 1011
341 633
1159 1220
122 921
694 134
108 484
58 908
713 295
1313 71
748 281
367 680
586 25
209 291
139 757
1042 636
359 939
376 229
973 271
942 1102
339 433
966 891
937 1211
225 1273
1 1254
1198 180
441 781
1220 277
346 470
1138 49
581 821
998 582
587 1072
1263 107
710 467
1115 964
1104 623
942 1121
1184 832
1122 886
925 461
173 987
853 516
1198 609
290 740
929 635
781 576
737 80
158 982
172 1147
1308 620
1308 1321
887 315
628 1222
787 136
1031 113
183 1293
474 926
245 312
533 1209
960 839
349 298
299 518
1232 830
259 122
1110 190
1288 300
815 408
628 1124
1054 744
772 528
33 1042
834 1268
506 81
826 769
375 1203
783 945
112 963
122 667
673 249
551 969
1295 908
885 1068
937 317
1236 1133
259 1076
708 850
1086 535
25 285
569 887
1008 672
1140 1066
22 1269
515 1013
549 996
906 203
228 348
394 433
72 1053
1316 848
978 130
1219 1021
613 440
278 1276
1325 461
813 574
257 368
1170 1275
512 1021
943 502
189 1197
686 531
980 584
209 419
744 596
681 1047
738 922
56 361
1005 1069
1172 188
1137 449
1145 794
1259 430
62 728
115 1190
546 96
1171 896
783 758
462 650
1035 120
238 325
657 1283
127 1004
1253 213
393 876
491 89
560 855
1109 615
64 985
337 1040
426 408
200 1068
615 355
1269 759
356 928
518 79
519 627
980 665
637 489
813 1010
493 149
31 490
942 897
313 593
546 979
716 316
943 881
68 814
1051 71
908 249
120 1284
817 143
915 81
191 3
1095 712
496 851
61 291
632 860
516 569
805 762
1030 51
269 541
1116 945
935 134
145 1275
392 102
1162 9
451 948
350 641
965 68
932 426
788 162
1300 1193
168 571
442 27
1302 379
136 689
936 484
1102 600
502 684
461 468
1193 362
944 316
723 763
350 1241
65 258
1172 955
284 68
277 624
881 715
223 997
1252 819
242 1097
153 1246
72 895
777 131
1314 562
613 580
383 6
223 1137
1069 1004
965 147
745 10
41 612
327 709
39 575
183 5
814 776
957 1174
655 741
1061 655
873 856
948 52
898 1209
596 81
916 68
179 602
229 109
599 26
1274 1024
617 617
1224 570
498 1272
664 1072
107 1302
1266 1113
320 655
186 222
149 270
576 865
1003 450
1048 277
1125 81
222 469
368 803
1288 380
1090 1171
189 123
1089 1006
463 1225
808 461
864 641
665 679
837 183
363 1223
137 175
1186 303
487 102
1008 748
318 335
949 322
1134 513
871 134
668 548
524 35
109 379
1246 1289
537 1295
251 550
661 3
699 999
569 536
1319 587
171 830
881 128
475 2
1304 300
414 518
948 1102
369 38
263 700
672 578
998 988
1216 1152
442 1235
41 1182
783 445
581 853
1 607
280 255
1266 1055
707 505
659 847
221 98
1224 299
1128 720
282 822
728 469
978 716
829 296
1151 1227
632 569
734 1086
837 1140
620 124
998 679
1282 411
771 1163
532 1189
646 732
549 901
987 507
460 437
640 155
731 487
758 571
333 326
1197 1023
560 44
1205 696
1125 1143
95 1275
1269 295
1023 403
1029 281
1163 499
618 1245
1280 843
216 370
280 719
1183 269
1078 1119
377 1261
588 951
259 723
657 862
1067 437
1043 644
1313 158
905 122
588 987
1185 922
1199 55
1047 578
384 812
453 444
197 662
687 574
254 657
430 540
1284 1145
996 1057
309 1027
630 974
89 829
416 359
14 549
844 1237
1033 1166
87 1313
72 554
299 428
652 801
608 386
411 607
1128 824
788 556
47 177
1321 557
1039 582
1042 50
909 1256
841 1269
1013 2
516 434
873 134
440 759
388 983
864 814
6 731
786 624
868 467
142 1254
495 1205
1016 1027
172 641
306 588
583 1095
807 484
609 888
79 1278
385 769
317 1071
1174 337
814 1163
723 396
258 387
1065 1238
608 528
351 130
836 871
701 1180
494 1158
194 912
1094 1017
805 768
986 494
1040 1121
578 528
1185 1251
1059 1160
555 150
1301 517
735 186
1106 188
42 1087
1320 1042
206 440
299 1167
456 4
1256 1068
260 321
327 52
913 834
370 1217
461 346
270 305
948 1271
411 633
857 654
413 872
890 79
442 485
933 527
599 743
740 458
90 1324
1317 328
66 288
849 433
444 418
288 523
832 1321
1133 787
1192 76
834 951
973 236
369 1041
194 663
706 1221
696 82
290 521
1117 182
361 1199
710 807
441 1293
1201 263
638 57
55 725
1267 753
429 297
666 339
555 480
1183 889
537 364
1288 1166
750 630
728 1236
151 996
591 123
867 1192
788 64
298 798
1119 1071
188 275
1130 689
500 761
307 827
1005 3
93 1152
23 978
1243 706
682 305
748 17
419 840
1240 295
754 629
52 3
297 795
473 883
206 567
1166 329
1083 1019
187 801
984 383
187 1265
161 1281
759 210
448 631
834 615
410 1300
1122 769
312 776
319 476
594 359
952 552
163 794
644 458
1146 483
597 1000
487 1125
633 444
923 903
833 1041
192 146
1205 1306
1043 210
47 47
709 699
523 385
934 1184
316 827
491 341
111 798
538 925
1102 1056
234 501
227 508
315 300
74 98
560 649
671 91
834 197
394 1045
266 1126
736 1288
269 265
127 188
175 142
554 616
397 386
417 932
1037 307
8 340
7 118
744 1110
164 1030
34 750
313 1026
449 341
1004 1008
883 574
894 580
1174 1076
938 630
484 315
364 255
943 1202
1043 804
571 986
915 678
365 1094
1135 632
550 570
61 1242
1313 1
893 590
176 676
1144 1285
249 244
74 65
265 756
1240 777
299 848
1220 45
862 1302
417 785
159 209
603 378
699 650
427 114
368 1219
330 1168
894 708
1027 581
855 219
204 765
1278 186
742 376
844 876
336 245
1283 250
645 569
58 416
597 759
1112 17
926 830
734 258
1231 450
628 150
244 338
4 142
1167 63
280 327
1032 763
357 485
819 1236
1260 43
52 1280
543 294
232 1251
476 649
621 1229
933 128
1252 898
440 903
236 89
1095 162
661 134
707 833
268 413
166 241
589 139
120 750
674 551
19 1058
302 60
1301 834
1243 586
659 348
935 1281
208 372
37 1309
952 1306
1217 1157
666 288
368 656
409 1230
449 1122
384 1282
833 884
149 651
649 505
402 1140
76 1307
484 42
262 711
1189 516
956 192
255 77
1267 545
853 1146
427 349
1224 1022
885 239
1173 1230
182 992
648 872
1134 595
400 489
1240 1094
82 142
245 534
1153 1125
511 1027
259 1183
607 543
5 840
807 201
1325 525
924 1321
380 405
574 417
1238 315
1180 480
806 87
996 489
873 1003
788 679
1008 34
985 762
991 997
225 57
819 195
266 1117
635 1081
1209 826
1181 835
688 1068
1227 886
828 1092
410 1265
842 25
621 659
329 979
610 905
976 926
442 345
51 751
530 379
69 1315
571 889
954 419
771 1134
19 1062
1068 684
458 119
573 1281
1111 969
612 353
17 310
70 91
225 859
1121 1215
417 378
132 480
755 1022
752 552
305 1195
669 1112
704 578
769 991
1051 429
255 1197
721 779
385 27
948 284
443 374
11 1134
548 141
777 224
1102 143
11 1106
1141 183
128 317
597 94
599 1322
940 1255
537 954
301 110
1077 618
371 849
1278 594
64 798
678 77
114 1296
534 157
329 398
494 615
538 68
26 1002
408 729
1056 1233
251 907
577 341
1087 586
580 461
1254 43
64 741
655 783
932 88
659 671
230 202
919 281
282 791
488 122
468 510
255 135
1148 198
140 1247
381 184
620 232
762 66
636 65
1270 1176
321 132
480 1211
297 1005
25 1041
135 1165
685 829
704 284
589 673
415 507
1020 1181
391 581
1194 962
193 786
540 148
1105 592
288 110
1197 718
1173 1238
748 853
564 761
1089 1293
1006 479
601 143
1282 1180
873 726
145 126
995 774
33 1299
1070 255
888 211
612 256
777 355
672 310
67 1213
708 1095
521 774
767 966
1141 551
895 40
257 105
50 389
970 228
745 802
1251 633
918 261
169 762
768 938
1170 805
319 423
676 347
768 803
1147 121
184 336
329 315
1121 162
1067 1116
737 862
405 1166
493 1258
69 11
1030 459
464 620
998 102
99 882
281 1007
479 750
249 26
1312 444
866 778
1205 583
340 287
1010 1062
174 446
974 1075
78 459
1140 257
638 32
1322 1133
177 51
157 372
151 934
175 1089
15 385
202 859
1042 1044
48 230
64 1325
599 422
420 1067
876 867
546 31
1281 64
569 254
18 588
57 551
301 678
483 13
643 1161
187 895
500 1070
938 281
743 1036
825 1316
213 287
362 288
1088 221
1214 1108
463 749
997 794
151 80
579 936
1230 546
294 1279
1 467
415 1192
205 224
599 1293
479 455
64 801
1001 659
945 53
773 397
687 888
136 751
493 38
1182 774
699 845
557 663
146 330
806 40
1236 885
117 348
878 443
1030 1231
1275 190
596 656
1050 1146
725 446
373 223
1036 167
302 761
679 516
1044 1216
1017 340
356 262
706 566
1284 427
1048 1263
71 1291
1231 694
1164 711
741 308
878 478
281 1162
1294 317
531 696
1016 332
583 698
216 381
897 1324
1071 874
921 700
177 994
704 732
1260 471
234 987
96 949
305 1240
810 1267
345 1251
98 709
135 1008
483 777
739 351
1007 461
524 358
640 535
505 1273
80 1147
509 508
520 586
658 192
698 797
176 1288
181 1312
91 1170
205 301
1041 280
282 874
153 554
443 294
34 1138
383 1296
1299 1208
100 1232
101 239
1159 83
1280 1020
1282 1152
409 668
360 350
440 632
48 634
514 1094
702 1209
233 1195
336 317
297 1124
1227 1087
474 55
257 821
1057 828
766 814
100 775
660 491
220 384
447 1105
996 868
1161 846
125 590
1176 696
1308 1232
408 119
134 1168
1287 36
568 105
372 616
658 324
1298 1008
696 941
425 1239
808 793
709 1243
543 1247
1064 992
282 546
1007 800
640 441
1286 761
530 200
308 103
451 669
809 672
82 1233
370 320
237 512
370 530
1191 1107
673 344
1323 1280
407 946
1174 756
1242 944
166 76
848 742
103 1313
1071 183
1065 313
808 1297
802 365
301 452
1113 250
226 420
851 973
844 1143
1218 43
388 962
1000 128
41 256
748 434
437 862
1175 730
600 437
691 365
1212 682
50 243
587 80
995 34
1299 633
1230 685
1148 516
303 589
635 352
711 644
444 867
896 169
192 753
906 843
1137 500
1142 904
875 657
302 709
1182 285
209 127
294 1240
997 829
321 891
54 670
908 1161
856 725
289 992
2 174
817 977
529 1200
1103 20
963 694
593 1273
575 772
562 1193
1009 35
406 548
54 1110
157 178
70 706
77 889
96 760
222 558
938 133
1229 899
469 815
23 579
163 8
95 429
684 491
401 78
832 1177
10 1065
1285 1099
616 288
887 310
271 75
1153 217
1253 505
20 1155
515 744
212 862
433 736
244 938
494 465
1235 244
977 390
317 844
1176 113
1005 89
391 900
155 362
540 381
235 877
1103 1298
833 738
354 1030
998 1167
1212 169
154 1052
811 435
772 47
