1579 3 520
989 935
1308 1702
983 638
710 695
1156 974
1847 315
1355 793
460 615
1572 1659
1212 129
1163 1917
1791 805
1641 1175
1643 817
291 1877
1105 1278
1351 1153
94 1040
397 1663
887 1151
1204 534
235 1827
1461 372
278 1464
1163 584
1056 1410
1455 523
62 26
890 1413
771 1477
305 1320
330 1383
506 1378
505 1448
1727 502
1803 1013
263 850
1758 139
633 1485
408 376
770 190
867 1258
1718 643
456 958
992 1767
1097 492
1979 1765
1638 1477
1698 1938
791 1189
1868 1049
1066 680
1767 1471
1034 1173
488 763
261 1281
887 164
370 852
1933 793
759 1450
180 1124
1255 1604
1382 1650
1707 1053
904 919
1835 1740
241 1053
1752 840
144 529
793 1966
1076 483
551 356
1667 572
221 1055
728 1017
1358 1959
1178 1092
1493 1336
7 600
1850 370
420 1776
635 236
435 1111
1275 968
256 97
151 1045
708 1686
1367 166
60 70
1670 1620
390 1332
1665 325
1378 1282
1713 1354
1945 1247
1684 517
1572 1080
768 1898
588 284
1437 1511
1088 731
1378 1717
98 259
498 63
381 1145
873 1374
211 792
553 1844
1418 1035
988 323
1326 1651
54 1937
1152 1891
40 330
1262 385
940 1697
1548 386
1060 1307
272 1247
638 760
1346 1530
641 1621
416 1243
1436 1539
65 46
1432 1101
803 1067
772 1328
1612 1082
1635 1142
58 63
706 1282
1717 1285
1876 98
1009 1096
1235 596
1503 716
1341 1327
232 1594
70 663
202 1469
551 615
42 1003
1273 511
1980 806
435 201
441 31
973 502
1257 533
1477 1832
559 64
1173 626
304 115
1056 939
585 1233
87 1381
1009 792
1557 706
1507 1713
1676 644
541 1647
946 735
781 962
529 1372
1726 91
566 1269
1487 22
763 251
401 836
451 133
1972 1980
1298 1104
1859 66
1981 1663
1536 1763
1747 1894
761 864
22 1713
921 715
1422 72
1825 13
933 1508
587 516
1169 692
686 1917
1750 1013
1579 1150
1612 1021
688 1121
1708 1511
1844 584
170 1467
1759 1943
1909 815
769 1761
64 1257
1866 68
1734 1439
625 261
488 1593
1521 734
577 1415
117 1531
1964 1223
751 1222
1013 399
899 408
1459 53
1158 667
1731 1485
42 1522
30 1068
1585 1514
1241 1017
124 1074
512 1125
88 729
564 1558
669 997
1487 1766
1902 1279
369 701
199 515
606 555
233 1474
1607 1969
1592 1636
1506 868
873 908
1538 1290
1261 848
977 1497
1139 1057
836 1403
1639 1701
50 60
1244 254
140 1171
1719 439
1164 1129
1650 1739
1576 1819
587 794
461 777
1010 1941
922 523
462 1190
260 1316
248 1184
1945 646
338 1445
1318 1171
1346 1831
267 1151
1888 1943
1809 1470
1573 1797
718 651
1867 561
1340 1717
154 1049
1798 544
864 341
1812 1232
1299 723
1749 1059
1782 564
339 1577
1351 607
484 1790
1118 1700
745 1888
1008 383
1173 1295
1920 525
885 1345
933 1617
1334 1646
125 649
313 551
398 1410
1302 1652
397 1839
1502 105
979 1608
143 1095
464 835
1556 292
658 1644
1703 1918
16 160
459 1188
1023 1030
1121 1872
1862 1100
526 589
1394 643
1736 1697
1764 1684
1658 1009
22 1327
1143 1195
1046 1895
487 1010
567 1730
1814 1160
492 1513
1916 892
1082 1472
449 580
501 1375
1885 1395
1162 1206
94 1282
385 1459
618 446
1975 1340
1697 256
70 1840
1287 1513
1887 992
681 1542
1776 1859
839 792
461 601
1636 207
1149 1485
488 1087
1646 1339
1570 1651
1286 1510
26 1518
1674 941
1173 1180
1978 1659
1758 1015
1027 466
1869 823
727 1766
1822 522
461 879
20 396
1537 465
1497 1133
301 1427
1246 1009
789 1007
1315 321
701 675
874 136
1463 1007
1245 842
378 1112
1468 1984
839 1053
889 128
1977 1016
529 127
247 1429
52 256
463 1812
1063 654
1644 724
491 1403
182 1469
1421 1285
430 382
538 1964
1934 1770
1331 220
1536 1243
1405 696
1141 578
84 1104
188 576
1720 1504
1507 1714
1675 184
469 437
1033 48
1299 1103
696 66
1252 721
1118 1582
623 1410
87 1910
501 1169
1362 686
1166 999
1180 781
900 289
1162 1363
1322 1623
190 1973
753 1112
1830 467
1251 1493
59 849
883 30
858 692
231 862
391 883
661 737
1518 875
503 329
1554 741
1041 1555
1688 490
434 1834
1437 1901
176 239
56 1307
655 882
676 1871
43 104
1646 332
221 935
712 571
562 89
647 1900
1293 6
547 307
1612 20
1041 51
1435 1968
200 1253
923 812
1651 236
1572 1846
1431 1155
1177 1770
874 508
483 1224
1861 1848
10 1274
1160 1594
1142 1441
272 612
1245 1423
551 1618
331 726
847 762
625 636
801 1586
1955 712
672 1076
1391 433
1844 229
137 1830
39 1706
1537 719
318 1623
334 1107
619 486
1699 1300
522 909
1144 1844
1865 890
1168 515
1839 112
18 395
1814 906
1854 1564
1377 158
794 1063
62 1875
1510 551
1851 133
122 309
687 1372
1405 1049
1501 1390
755 518
514 1661
392 769
184 862
1107 1400
1963 116
320 782
108 1205
938 620
172 1466
1424 791
736 681
1234 102
380 470
622 238
107 395
1937 813
984 1038
1218 762
421 1844
1716 148
1013 657
933 1224
1230 822
1455 1005
980 1040
1701 1811
528 1545
640 1260
1320 705
1908 43
1225 217
285 343
1978 919
1029 936
1045 1398
1193 1567
1438 1976
921 1424
1394 1222
1721 260
1275 129
1360 756
607 25
625 1486
1097 1060
152 1024
1225 1778
