210 4 315
85 105
106 295
333 225
356 127
113 82
64 296
315 20
166 328
226 61
167 125
228 164
272 87
165 69
329 337
248 59
132 312
233 333
41 194
224 72
355 239
333 343
102 7
210 215
164 161
350 207
237 178
188 181
310 75
257 188
16 314
172 242
304 359
156 19
206 111
345 360
215 325
260 190
12 314
178 228
320 185
61 253
358 191
356 208
236 242
352 59
232 37
17 108
208 270
251 308
199 365
237 133
90 228
280 29
20 21
241 329
52 285
143 256
19 29
360 63
183 66
9 175
284 361
167 113
194 280
369 290
72 229
362 117
3 193
257 303
184 25
323 329
220 69
282 191
271 225
357 314
332 86
308 40
192 112
285 344
320 355
2 277
221 50
184 187
37 341
352 123
329 333
4 150
84 56
303 146
299 297
311 92
94 143
74 358
260 362
94 144
278 30
16 310
197 234
191 240
318 280
138 114
313 193
265 233
305 176
338 68
152 304
132 176
138 172
17 9
244 154
361 134
114 35
112 240
114 341
276 282
213 77
335 25
184 52
328 230
32 195
170 219
147 277
319 330
185 12
73 302
205 184
71 320
32 239
241 281
232 78
301 184
89 46
260 168
260 83
295 46
218 248
281 310
287 246
153 333
352 350
129 86
339 236
211 340
298 314
354 262
316 83
144 287
94 366
289 359
156 239
107 206
216 42
68 247
176 43
213 96
246 22
185 239
37 18
26 360
119 65
348 164
115 97
120 114
295 347
13 68
188 118
356 217
191 274
92 333
293 281
307 292
43 157
316 14
323 17
88 307
294 320
313 308
307 277
223 328
45 369
41 63
222 330
146 201
116 176
121 225
211 9
182 303
111 248
352 262
271 51
48 150
246 44
221 181
241 48
33 189
304 178
354 59
343 281
272 218
158 278
66 231
130 116
105 275
24 232
28 340
149 286
203 30
302 102
229 333
299 81
298 215
150 365
54 31
67 267
79 69
221 345
164 189
113 143
83 70
60 191
303 15
308 311
9 110
200 234
360 145
70 359
75 276
322 190
19 369
230 67
12 315
218 286
179 91
5 274
177 82
304 334
71 33
235 366
230 361
117 211
264 348
358 161
364 167
19 31
179 157
146 76
336 132
283 150
147 367
181 329
185 107
51 196
119 266
312 269
69 216
224 65
87 331
285 113
107 290
225 24
369 188
347 60
52 324
73 46
35 272
175 313
276 13
14 344
15 104
224 2
264 331
221 92
297 327
166 228
307 77
135 171
217 366
231 229
231 88
134 154
215 248
284 107
225 368
169 264
117 23
264 283
288 16
83 81
231 296
99 311
110 311
307 90
199 13
189 59
27 318
73 62
269 347
222 263
247 99
292 203
193 200
221 316
227 212
74 102
192 174
236 175
164 57
305 117
94 99
306 232
289 293
182 35
117 125
71 236
128 57
