301 2 845
490 1108
1137 652
1211 758
330 375
409 104
450 562
477 726
1208 530
63 172
769 323
1103 671
264 844
466 985
734 1133
67 464
1203 176
1105 141
967 1031
500 935
324 1046
812 1020
1170 291
858 696
102 336
995 1219
1174 552
622 865
73 69
1097 33
680 812
852 831
875 1016
314 1055
949 342
217 980
456 323
1118 126
563 250
300 774
119 379
442 680
1205 665
4 261
908 212
871 857
1066 723
260 630
601 521
511 890
583 556
724 583
830 573
1040 837
716 302
588 548
1008 1184
765 749
224 163
405 676
752 905
53 74
1209 278
408 600
301 488
963 1102
441 311
1213 506
71 47
599 641
248 847
836 200
849 485
1181 628
815 1169
1076 45
752 841
554 728
843 219
589 1045
706 614
818 694
844 520
268 368
900 549
811 448
854 653
99 802
593 942
764 905
958 1019
111 840
265 674
17 306
750 949
1033 1189
1145 534
461 1069
1083 837
130 290
667 141
505 348
938 329
1223 192
348 837
328 609
828 796
428 177
817 62
808 621
1175 421
741 1141
496 192
944 1182
612 1093
927 134
545 740
715 994
383 937
192 85
897 486
357 288
462 449
1149 771
62 712
942 1215
633 13
226 974
1208 1029
275 125
262 1200
1048 538
350 85
1187 962
444 842
745 1115
50 1033
540 506
572 727
404 608
238 819
188 578
522 1095
1125 996
168 1083
119 1134
308 546
943 354
113 242
932 472
858 898
502 552
375 252
348 849
1003 103
550 353
448 938
143 982
1181 455
1202 656
484 687
1048 559
917 1172
350 751
734 492
1051 634
174 314
1191 779
16 1160
123 82
267 211
502 67
341 864
841 241
227 808
93 1216
96 472
1087 738
90 723
1173 376
350 631
101 690
1003 16
923 194
953 216
952 479
1218 1049
411 363
475 1126
107 642
970 1048
272 971
957 471
1095 891
1121 599
160 1067
1002 348
162 681
280 99
914 173
673 1102
710 27
586 182
340 70
660 1214
40 194
1048 313
371 1210
925 953
1216 614
640 116
537 1197
35 1222
102 631
93 248
270 1090
563 627
492 724
670 413
767 1084
1153 1208
146 1037
207 10
55 34
176 222
943 849
341 339
480 896
403 414
56 416
23 231
805 853
133 886
990 744
270 858
822 372
292 927
830 1024
1214 816
602 985
875 582
1016 46
1036 348
765 1201
641 635
942 1147
368 14
774 496
419 360
563 378
627 214
866 388
781 846
1218 17
819 218
1179 1125
657 63
1060 1185
200 446
1187 1116
410 156
1124 1202
86 497
439 31
256 757
952 830
1131 914
1068 943
312 137
419 602
1156 229
696 693
228 551
271 1091
665 965
982 67
160 1027
466 950
188 632
388 893
200 230
193 31
498 664
1023 150
172 289
1069 357
954 1102
1051 441
22 541
213 1047
988 156
1204 884
197 971
1046 103
708 390
236 1221
574 711
636 958
326 433
703 845
881 471
837 376
293 194
687 762
128 727
1023 649
920 444
1193 1150
183 688
520 1052
281 973
373 331
1015 662
1191 783
1183 280
161 1150
192 865
1151 739
350 502
385 879
588 441
1107 208
615 233
557 211
665 331
177 908
220 522
918 595
1029 316
160 615
1034 955
81 395
979 377
715 901
182 682
1053 288
541 1191
293 436
1101 62
395 597
510 1209
1127 1075
724 486
618 689
90 998
957 528
538 887
784 356
39 357
1157 487
1029 483
1055 355
129 613
865 617
824 1051
22 678
945 799
571 202
665 961
639 1188
201 247
2 35
588 100
1110 604
505 47
232 609
190 730
646 350
771 339
527 1194
37 450
515 623
839 786
314 395
372 474
333 728
817 749
409 397
458 1217
32 828
57 624
1062 365
611 1003
870 753
210 602
439 518
499 1192
414 685
761 81
89 1129
1019 16
978 957
1107 5
883 39
1137 787
692 217
169 1032
254 632
773 930
1188 613
157 892
934 866
1057 488
198 117
90 231
573 69
73 193
3 460
410 1077
211 1076
681 209
290 879
917 270
511 843
1075 741
1208 1030
211 196
643 566
363 802
148 18
340 652
691 1089
488 1044
614 816
876 1055
1223 1011
360 132
380 1147
828 1110
262 317
59 1184
713 355
1064 116
568 625
95 856
316 610
534 937
1133 235
524 179
58 1171
408 323
890 390
731 587
1115 519
216 46
420 541
268 148
428 592
1094 821
307 66
1006 303
1174 277
604 291
718 859
164 940
409 254
869 806
232 691
406 412
246 671
664 295
201 313
536 1037
842 808
865 649
828 457
1002 877
1118 1115
1124 387
975 67
96 631
1121 727
52 832
600 323
751 323
544 746
411 1134
1075 1138
414 380
422 887
1181 834
458 531
148 1175
755 977
688 1024
629 502
185 1090
1155 511
162 744
1202 239
738 1122
59 12
1118 390
436 95
991 131
185 12
800 829
161 1024
124 132
60 237
389 766
124 440
522 447
4 346
38 92
1197 1092
1169 1102
311 317
1064 802
588 479
145 1022
917 108
1145 685
218 737
173 847
384 1050
625 585
671 1200
324 195
580 1029
552 235
677 1109
618 581
667 1041
652 1020
1154 769
595 711
916 683
334 101
533 146
990 739
835 175
861 272
810 1076
432 93
1063 587
698 933
1048 31
154 1102
387 30
207 245
605 217
1041 300
1070 132
72 530
21 558
52 679
1139 794
1170 972
441 618
195 36
663 172
803 479
874 187
180 454
143 611
402 1056
1171 1067
94 365
565 1025
1053 34
691 964
325 1061
457 82
715 643
1112 452
423 441
790 840
235 465
584 112
261 104
1139 17
833 163
776 824
447 154
465 914
246 830
246 205
870 279
791 956
952 558
173 295
785 1102
697 401
440 8
1 477
586 640
529 113
438 1114
201 408
42 586
1154 613
695 1159
1142 1211
219 956
266 4
190 107
1073 1017
455 733
6 281
448 811
85 605
14 113
618 1097
665 414
427 335
94 715
560 525
1174 471
301 1077
96 367
892 93
358 235
436 862
645 1019
806 918
530 552
171 953
1005 1166
571 92
306 529
950 262
611 233
495 244
391 598
796 35
191 1219
354 870
1151 1209
886 467
156 395
401 66
803 821
1082 879
603 4
636 1223
774 867
864 411
14 910
1020 508
184 904
1113 268
1148 916
838 1189
829 312
263 345
32 166
974 1201
635 1188
346 256
865 87
1223 493
962 911
68 313
426 76
558 588
137 960
973 134
282 7
129 797
681 293
22 174
1225 73
583 429
22 1140
801 893
391 377
347 1208
678 572
513 943
1077 77
909 610
188 723
128 937
1159 514
1050 356
125 730
242 348
177 1093
805 338
268 551
163 681
804 1210
656 158
372 1193
513 291
246 503
620 584
253 703
313 545
443 1161
35 864
933 1137
226 727
921 43
921 873
108 285
808 404
741 207
1199 460
632 891
556 660
183 292
731 626
71 998
53 18
172 1076
1042 1209
266 331
616 850
1191 828
1121 518
404 929
800 639
88 895
511 56
712 226
1184 1079
982 1072
710 540
798 1159
963 836
20 271
408 338
1121 245
498 17
1124 841
858 706
698 9
1092 1192
120 421
422 322
309 238
871 686
809 736
846 755
499 1118
945 1147
31 524
765 283
131 572
671 714
1209 506
884 259
315 501
247 455
555 135
604 1024
954 136
397 304
437 839
1184 1207
366 180
1206 1028
1214 1014
157 869
443 743
831 611
100 330
710 979
874 186
1059 229
504 753
770 143
737 371
1001 917
990 349
85 185
440 41
437 152
1137 407
705 193
816 804
833 499
837 152
128 929
685 839
334 957
654 50
481 645
876 134
502 871
974 778
339 599
583 202
511 535
601 1156
394 689
908 493
81 913
540 680
1045 905
382 1198
713 47
1086 715
560 505
549 22
1183 918
518 954
122 344
240 879
715 1219
960 386
315 714
323 373
638 593
695 922
332 1005
51 478
483 621
954 118
475 409
1136 1186
860 16
316 1223
352 738
171 777
288 573
364 164
597 1060
786 413
289 963
1163 328
1038 331
752 267
98 1041
603 744
616 826
1098 434
1071 491
1124 93
370 776
143 132
165 200
861 688
266 63
905 545
190 569
29 578
1203 1192
537 543
414 1138
898 1161
968 275
1015 803
209 1143
