456 0 1287
364 1569
729 883
130 906
1422 1492
712 265
755 577
1066 176
1222 487
1060 391
604 1556
19 873
558 156
597 1222
1055 5
469 946
1162 340
943 516
1100 9
1108 1539
1406 449
758 1558
948 639
47 1197
1194 839
1233 1268
958 1188
1511 1078
167 164
216 1425
1271 1133
1402 164
1526 647
313 1500
158 326
242 1304
1015 845
16 349
817 156
1379 330
1391 415
1221 327
1220 203
107 1158
88 1437
1083 1101
360 1359
662 548
1353 1170
798 392
1071 77
1286 659
273 354
783 874
333 695
1441 325
1409 962
1311 1431
310 279
1318 1491
370 1448
203 1536
464 35
211 775
1601 1263
1184 1147
245 90
1167 1415
57 1397
1060 274
1066 984
1032 1346
16 31
1225 310
141 130
874 1225
20 218
682 395
1018 780
1393 1226
1377 755
324 505
398 937
4 167
1254 352
1286 610
173 941
1159 131
1082 491
567 876
1216 1548
184 498
638 762
405 1363
1580 748
3 586
479 1159
703 1019
17 971
775 1508
396 1483
1597 897
353 762
667 1234
763 313
683 602
1186 613
249 962
968 1259
402 1276
173 860
251 718
729 1585
968 345
1186 632
448 814
941 1100
8 705
827 731
1129 1309
436 1625
1060 584
658 1236
1212 1322
646 1271
1276 304
1092 1587
684 1497
828 1207
1301 699
688 994
383 668
27 641
395 29
824 736
1063 1606
1578 840
1455 14
436 1512
1446 893
1478 92
33 1615
1222 483
625 868
225 731
812 432
1509 816
919 1476
1103 250
164 1538
494 713
866 1216
562 675
52 1367
130 835
389 937
657 1378
382 978
1101 1462
30 1537
1608 1562
305 759
1590 191
739 282
91 257
784 1168
20 790
868 173
30 1377
151 1425
89 536
1014 594
361 1161
367 1178
1326 1158
1463 1582
1472 276
169 790
275 18
1172 913
151 1396
661 879
92 314
1045 1547
1415 1240
889 275
1584 679
429 1148
401 1098
1077 727
157 1064
393 1066
47 154
18 242
1494 1137
644 521
627 1216
811 489
714 591
908 1224
1229 150
534 154
670 741
1104 889
748 1259
1442 58
1016 1275
957 1141
1034 23
1110 1305
1278 1145
269 1494
63 1278
575 598
114 747
59 1205
1399 1202
1460 1058
616 374
598 618
84 1452
1329 609
1448 1225
363 874
504 1497
69 1066
1523 1030
446 382
718 1592
584 99
311 44
1338 391
152 672
184 1026
1301 806
1506 1075
403 901
571 1174
1268 1438
1505 174
898 237
180 697
1498 1573
931 1398
1137 853
52 1622
1334 84
712 1043
366 1306
364 269
1061 1375
1569 1006
1259 1542
519 1070
924 1445
253 208
615 1293
1246 1360
389 1075
78 887
993 645
76 1453
746 184
698 305
217 1457
1009 1330
629 788
1278 701
480 1147
1125 1112
1362 1354
1557 437
918 337
79 653
731 382
1294 115
362 169
880 1261
1350 1111
419 1342
1125 122
499 1098
221 548
803 368
912 324
1559 1051
605 340
219 1602
305 691
1515 630
413 1007
386 1606
292 925
86 1444
711 413
665 603
1602 650
70 141
334 1160
1107 478
1599 1395
1551 1401
1307 414
117 229
64 181
220 1043
983 120
296 841
151 827
349 382
1048 749
858 961
100 1495
532 17
653 1120
997 235
363 159
1207 1309
927 71
1436 528
294 1302
1128 507
556 1459
588 1226
1027 204
1037 830
24 643
1600 194
1227 442
474 1098
430 850
1251 771
807 1141
1276 678
401 476
1378 1347
775 743
194 1587
1226 374
196 1502
624 64
1103 523
1284 1115
344 232
80 237
1368 1370
171 391
184 624
333 66
1043 497
658 605
1088 1145
1038 60
916 278
700 818
1113 1379
962 18
1291 866
338 632
311 1101
23 231
332 165
797 1592
1624 222
484 1123
188 587
1367 1327
1581 428
316 1026
877 1068
199 239
886 875
371 1443
746 1160
562 1160
1424 1062
177 264
1274 980
925 1384
365 779
425 388
794 352
505 1094
41 274
1291 339
399 216
158 602
79 1002
483 1626
1417 325
135 375
1346 435
2 1147
384 466
1432 817
451 277
521 1596
1540 578
325 1273
994 465
994 385
1127 947
1428 829
1251 316
1193 716
1389 713
409 1587
1171 78
814 804
1302 707
791 769
665 830
898 1124
38 492
292 205
91 1175
1341 299
1346 1439
1367 212
1116 916
859 1516
226 999
497 985
742 1507
1520 784
921 1360
872 1502
1135 1129
1620 1029
524 1278
104 1335
833 452
1272 1136
369 587
128 759
307 429
291 981
1180 1286
817 1450
121 1556
148 1224
1475 1333
900 1127
1620 770
895 1570
1272 991
708 949
705 833
272 1523
1174 1305
196 564
477 1418
100 805
1259 62
891 340
1197 461
1453 1569
131 1599
680 912
741 1567
1057 581
926 1576
257 1518
1557 1182
256 708
149 663
533 1395
1531 1163
1008 876
136 305
1545 1468
1194 779
1169 819
84 867
401 1022
1513 1387
17 718
491 1515
430 774
733 907
1093 78
699 927
994 816
989 1616
678 219
1387 1282
56 436
504 967
997 1134
1213 1149
344 546
813 233
635 972
1047 729
226 1126
278 676
630 388
497 1248
325 313
1618 119
532 1424
465 1421
1332 1019
1381 759
1005 262
1099 1311
253 1539
67 718
1002 282
1339 1616
361 15
1214 947
1421 644
1198 1190
590 794
100 126
336 308
287 471
1078 1483
380 1288
1197 1334
1368 1390
400 1582
1531 12
960 583
61 1014
1044 1001
524 156
1100 1373
530 875
22 389
563 1583
112 1322
246 1397
188 1115
672 447
1424 1273
799 84
668 759
297 767
771 538
527 422
1208 36
274 530
1409 1538
360 706
674 1615
1142 1157
1518 316
869 80
747 434
556 135
249 702
1493 315
683 1209
573 1353
1350 1080
45 640
1339 1301
893 9
111 207
56 706
162 815
1049 543
1623 346
363 845
1616 764
1574 1279
986 1336
225 416
1543 1374
835 968
372 243
1235 381
1500 594
1189 375
250 1549
1375 1052
1575 841
563 434
716 217
202 768
1572 51
587 843
814 1438
866 105
984 1265
981 870
1571 864
222 593
1256 973
1221 1079
1256 1404
1045 5
1565 35
403 50
266 37
114 1474
132 375
1523 607
194 1387
1214 156
1374 597
1127 1079
1080 1205
207 98
1268 1233
82 1183
1069 1313
397 1618
242 3
1563 18
894 810
574 469
1589 506
780 1359
610 1131
689 1384
74 1158
449 1456
107 69
574 1567
567 1296
202 437
1031 716
1534 122
700 644
817 396
387 1041
582 1587
10 415
768 1381
825 1472
888 927
1185 236
1318 819
803 201
1282 430
708 209
494 735
222 1347
621 240
196 1495
1276 586
1078 690
445 482
1043 1252
1041 865
495 617
279 169
345 864
628 672
1094 130
1391 715
594 1297
1539 1172
790 1378
1214 57
1245 1103
1153 686
1409 923
970 532
988 1466
134 672
45 1149
139 1601
1137 378
452 1133
282 323
1453 244
1087 286
1513 584
670 703
845 627
1490 699
472 279
1141 664
829 315
1320 309
656 1124
264 4
320 1415
872 1567
869 200
1154 903
458 607
913 424
952 528
82 550
430 1072
1438 491
1273 1568
727 1457
9 177
113 850
1404 854
647 424
935 1046
546 850
897 79
301 1460
1025 1341
916 1099
276 526
1176 637
420 926
327 1521
1410 1395
1609 1037
3 1162
824 1079
296 569
238 698
599 52
1244 1305
188 730
326 257
1262 559
127 1218
907 118
219 991
1477 931
1456 202
494 1131
941 1456
147 688
1015 1432
743 476
457 1177
588 687
1531 144
800 537
1080 321
513 418
1147 294
289 410
1388 1157
404 885
533 151
1503 85
552 32
771 1376
265 710
1600 1605
1000 742
738 334
1186 925
1145 1607
944 726
311 665
1336 389
1210 1094
165 667
854 1293
1386 90
1395 1136
732 483
1066 1376
1181 192
473 1083
904 333
18 1215
154 948
679 442
1378 1309
338 1027
1068 129
240 1058
1614 1240
1597 733
42 19
945 795
1290 878
1052 977
3 231
1435 610
16 365
1620 265
1090 457
1239 181
1203 1485
1320 1339
677 1252
904 352
437 989
1462 39
774 1428
346 1349
1235 1014
543 588
1122 43
756 1569
14 485
1240 1180
609 795
514 1071
586 1576
271 634
975 170
1467 364
277 151
1361 508
715 193
1409 86
718 570
1219 196
839 459
392 546
1240 1010
1098 488
727 1126
794 1377
81 1358
349 1313
225 704
490 914
964 1041
485 1090
361 1122
1340 841
1008 882
1410 436
940 1101
1334 468
743 278
200 814
1121 1579
451 1162
600 497
1213 1309
339 228
1476 1232
216 398
1032 1407
58 254
1502 849
439 747
1050 1409
1143 633
1387 1359
497 238
1120 196
624 136
72 1017
640 857
400 199
99 786
26 169
1438 617
103 1171
939 736
1033 927
1254 313
1127 403
1125 241
265 1355
202 782
1013 1375
183 113
1 679
1027 626
538 195
14 1597
540 1577
1516 547
230 431
1313 1060
1593 524
573 884
411 1603
549 426
1221 1264
767 1089
663 1561
865 1599
1255 1111
96 1254
411 1026
1322 1451
222 1419
1231 1286
458 1054
926 671
701 1508
471 1011
215 714
65 1080
1056 463
727 74
559 1015
1283 1233
1392 666
1095 627
155 384
1537 1185
1341 1570
172 1592
1118 246
52 442
765 1574
14 764
1509 1415
1507 1598
690 1373
1177 829
1086 802
1582 438
42 790
243 1624
266 1102
374 1192
753 970
359 627
336 327
471 747
1329 571
1428 1498
521 1292
689 499
388 771
116 710
647 546
704 134
1127 1575
1236 1581
1381 1482
1149 724
172 1253
390 1134
1090 1430
1244 147
804 110
855 1267
710 1020
1035 1254
908 1082
1394 872
1401 1334
148 1054
1123 1034
642 1033
102 108
1089 1034
1334 859
1023 643
190 426
494 16
1199 90
1201 267
380 1345
150 827
469 1282
13 445
697 1473
1070 6
1550 323
1171 1258
340 910
1074 839
1236 1203
1331 593
402 757
307 1360
404 1222
309 1495
435 116
395 539
708 701
1291 1447
872 599
1453 325
621 1060
1172 646
337 961
552 227
224 1536
1442 953
99 128
939 1227
1316 1118
693 391
691 1314
1366 468
851 1131
428 135
1618 3
1493 253
116 579
190 1266
1306 1450
19 638
415 1513
79 710
571 78
1121 1330
1627 833
388 731
101 1398
1080 1026
824 569
1442 66
411 363
296 393
394 1249
258 1540
495 1093
1000 689
396 1308
1274 316
174 709
1408 1276
1221 819
1582 1140
1570 911
16 1494
378 1534
43 1051
595 1534
65 130
1307 388
1077 190
1361 1500
195 1604
1017 526
374 1154
1346 826
538 193
245 558
525 527
545 1042
86 425
706 962
1600 465
585 643
595 714
1105 289
220 997
901 1088
1377 1469
1186 1023
535 1585
1079 1419
1382 1376
1277 1535
1303 697
933 125
464 797
1201 903
188 1622
391 1037
1366 239
308 1341
929 1015
153 799
802 15
410 1413
2 1205
803 999
1596 1564
127 1291
1201 699
637 1538
469 118
1020 647
1489 1495
1437 384
480 618
157 745
1048 540
376 853
2 15
1378 32
527 476
75 193
394 468
1402 295
1595 1308
1513 17
1465 882
581 1340
91 29
19 698
906 499
1066 1577
1328 374
42 653
1121 515
1435 1605
763 1098
6 1312
734 657
576 1233
575 303
1155 67
1009 686
286 1390
78 118
392 1408
1119 460
384 291
193 211
1581 1415
640 763
910 59
1055 630
312 1172
1199 877
133 33
68 740
1589 909
910 568
1619 76
563 1182
1555 246
276 66
1547 1563
660 1442
70 1448
19 1567
609 685
775 117
458 1123
377 783
911 1290
914 1060
575 799
1482 1351
31 995
1455 1480
521 1414
446 963
122 30
1156 457
1593 1405
1359 369
1154 1272
1227 738
848 1100
406 830
1625 1520
167 448
436 1098
67 885
1604 49
429 1400
1223 1627
599 1095
142 438
902 483
436 1458
1422 442
119 717
1579 545
1476 784
354 1624
174 546
120 15
394 1527
118 1214
230 1367
882 1
907 909
967 100
158 1106
899 99
1035 332
975 681
1148 1131
151 965
120 488
471 187
1143 1535
374 888
579 1230
1271 1503
569 34
1249 40
1018 718
44 645
1284 675
63 746
601 535
913 952
501 419
417 850
154 610
1334 1458
692 220
293 1002
1425 1612
1535 794
722 960
1066 682
603 844
504 50
1199 778
1102 1349
872 190
582 1042
905 1134
700 7
8 449
758 403
1106 245
1185 197
329 728
1329 1365
1624 122
1532 636
608 866
440 363
237 789
1264 276
1175 100
964 953
1447 719
785 813
264 1277
1164 1121
499 1450
693 266
1497 768
1217 879
1522 185
123 236
244 671
1208 1433
1368 597
1242 333
1205 426
621 979
1089 1346
1444 943
1296 647
855 1594
702 780
1577 1236
1397 1387
1120 600
1426 4
1523 1573
679 1374
344 621
459 224
554 312
1476 745
825 1309
241 568
367 1198
1021 1216
364 1221
4 1115
547 1318
1399 947
1368 802
1076 448
1211 456
1295 1152
985 1293
1117 1008
63 718
488 1486
1039 476
940 1522
1272 1297
664 618
1308 921
733 1426
1525 1317
1407 1181
617 1025
1015 1099
580 947
469 451
1358 578
395 1140
1093 1413
993 504
1434 307
861 751
138 119
170 888
1386 804
1551 688
676 1173
977 540
559 659
401 39
