675 2 272
130 197
49 312
382 165
312 114
374 206
79 360
21 95
95 177
35 105
276 330
138 88
87 74
365 245
321 339
88 381
376 184
241 148
235 351
171 386
27 384
308 402
305 24
374 387
213 62
40 207
9 110
400 175
389 59
204 111
339 102
70 318
109 111
109 220
182 322
103 270
402 371
268 172
375 201
357 294
383 398
20 333
367 175
73 376
301 239
413 287
168 296
225 13
122 194
198 327
411 87
400 151
55 119
329 21
112 3
401 42
342 46
29 255
344 89
210 235
180 305
345 26
235 266
72 130
81 398
301 209
213 337
150 376
18 213
368 124
323 150
363 108
84 410
252 145
356 277
35 13
310 146
235 282
214 274
79 41
71 101
67 185
193 163
208 398
376 275
398 20
249 184
412 147
146 328
358 350
110 2
373 121
159 118
165 129
140 45
90 268
388 21
120 95
400 73
114 244
358 273
84 71
279 234
267 298
311 202
359 405
411 379
193 16
71 340
194 111
17 181
276 131
73 258
297 158
269 40
19 31
28 101
60 103
273 376
363 375
18 128
131 108
410 104
338 191
241 216
139 264
108 356
400 308
186 127
225 273
363 232
17 246
183 336
344 57
249 287
280 7
151 253
2 326
408 410
235 209
360 370
69 101
300 135
313 262
270 49
7 288
108 305
198 394
72 203
371 226
256 414
369 268
74 89
125 334
32 241
130 315
229 312
333 15
313 102
341 130
355 393
389 213
414 36
105 401
294 408
95 335
136 215
14 231
278 91
67 406
211 268
413 301
29 19
27 68
2 72
78 238
128 242
209 325
117 140
273 169
20 262
122 291
234 337
132 36
164 348
168 66
253 162
399 346
148 180
11 166
209 63
14 112
245 257
104 136
242 121
29 362
325 191
267 211
155 27
34 27
26 212
226 360
245 182
194 289
272 267
198 219
161 376
105 147
227 183
130 145
378 70
286 315
318 297
280 76
282 309
387 304
411 404
389 194
105 22
400 34
220 368
128 212
360 88
404 152
210 255
25 83
42 36
257 256
55 160
201 90
37 62
392 161
384 360
95 298
381 339
106 149
201 57
98 223
366 256
390 46
57 6
50 338
358 391
119 219
215 360
252 327
126 205
329 297
77 130
318 50
155 152
167 251
70 185
113 199
55 23
318 351
366 397
33 174
231 313
309 56
324 77
407 153
93 405
64 410
156 243
179 396
280 403
365 9
352 55
64 302
310 320
186 329
414 1
