1035 4 162
87 542
322 342
408 111
896 222
700 961
338 560
283 558
580 64
96 843
458 374
39 305
495 51
733 120
75 383
357 364
594 211
940 11
768 341
9 678
538 470
380 502
189 841
208 532
881 919
79 467
687 798
633 971
277 79
84 941
247 973
212 398
388 1015
360 687
306 231
320 577
964 37
66 41
366 316
852 684
146 351
536 914
312 732
899 314
444 958
925 387
779 668
636 304
896 717
266 69
220 528
172 824
94 233
217 337
963 698
457 872
210 272
930 344
426 919
38 654
983 57
926 378
596 949
218 882
966 848
849 452
129 648
642 250
847 546
812 112
826 379
232 603
495 572
775 280
320 169
900 478
902 951
704 944
257 290
880 164
626 224
919 369
477 747
686 457
75 238
553 35
57 947
236 978
336 451
555 442
822 919
511 460
844 903
986 565
798 719
473 342
739 60
874 135
214 310
112 280
348 517
934 604
127 277
643 93
546 385
576 731
952 293
662 71
593 814
511 763
79 220
496 62
678 97
765 1014
897 969
857 333
331 236
37 712
117 321
250 399
805 936
799 939
374 698
584 763
743 348
795 463
841 72
456 198
629 399
845 488
644 585
235 847
392 952
664 606
125 821
801 524
340 278
97 718
127 197
618 946
476 51
324 450
354 950
669 742
254 441
481 822
212 224
40 330
135 797
245 58
964 591
6 548
628 761
996 162
416 135
1005 542
575 653
862 586
337 314
58 545
487 921
963 433
642 793
