625 3 137
199 65
273 8
412 347
257 454
414 130
20 320
7 87
99 267
207 483
292 153
89 416
24 270
356 347
368 273
51 303
11 306
274 331
401 343
77 33
229 274
284 133
357 238
401 160
36 431
490 322
329 85
400 1
250 451
376 139
7 286
424 383
318 110
292 235
37 18
430 391
119 137
349 368
259 61
161 1
418 143
218 196
7 177
196 460
123 373
406 115
239 389
424 194
328 445
84 242
327 212
353 212
379 473
420 331
34 346
466 55
365 218
48 246
419 245
27 19
233 242
45 32
48 350
143 410
380 24
4 174
433 387
274 48
86 129
426 107
156 193
330 198
344 13
21 196
469 289
481 68
481 296
350 290
268 113
238 132
431 377
112 68
463 426
197 105
389 129
310 397
252 332
411 169
418 24
364 233
180 127
460 182
456 183
352 338
450 340
489 277
374 178
485 29
37 44
476 437
49 243
382 190
154 480
250 16
150 137
14 425
213 176
399 357
248 247
337 237
331 243
81 130
450 456
236 234
456 345
185 14
276 487
394 191
422 173
152 456
90 334
206 130
292 95
29 244
203 449
464 393
407 45
271 417
189 50
366 141
72 122
124 184
304 96
309 243
272 363
391 37
274 483
101 306
