1927 0 596
624 374
557 45
422 272
499 543
627 734
910 311
240 728
377 415
86 172
421 568
541 779
476 851
381 454
540 364
668 85
864 554
353 891
531 330
77 582
172 160
139 355
184 85
863 882
883 89
229 223
558 56
379 887
49 472
401 95
837 905
97 76
850 424
548 223
871 664
341 363
518 149
811 786
344 18
45 698
472 879
537 851
493 533
816 743
548 283
277 106
332 744
306 132
82 631
152 266
184 488
458 586
412 506
174 285
232 804
536 765
43 327
834 767
780 589
598 640
779 96
379 188
128 630
125 341
249 685
804 67
831 128
12 682
448 134
681 224
798 435
790 719
243 498
310 818
250 171
618 134
848 286
326 439
469 158
98 670
49 174
446 807
701 38
256 652
647 797
96 450
489 715
864 359
224 123
641 425
194 841
799 909
533 775
408 116
806 774
472 77
872 402
823 304
260 332
274 818
82 280
912 227
563 492
435 160
459 580
542 902
322 84
795 624
518 303
417 198
819 107
609 293
491 881
111 398
346 759
880 205
262 390
793 483
173 507
55 809
133 481
805 656
531 148
270 529
217 547
884 189
259 368
742 830
170 426
115 627
457 167
440 179
828 647
764 839
698 659
699 3
310 907
434 339
868 117
542 697
624 594
656 364
340 297
910 299
140 747
106 521
704 821
860 390
112 186
721 256
492 130
169 173
212 780
832 588
662 765
228 39
833 3
148 717
19 196
98 751
275 265
47 204
589 514
119 178
71 96
271 552
21 224
689 744
774 111
452 210
296 535
477 141
870 350
244 79
708 507
235 472
694 53
586 595
261 372
293 543
422 511
642 23
283 238
387 111
811 210
377 801
606 332
245 626
12 638
119 630
540 3
493 749
465 863
106 183
296 255
769 791
205 164
843 901
421 545
701 705
435 865
222 64
518 750
543 50
470 606
464 574
839 723
86 256
467 369
416 221
34 212
843 741
407 671
630 169
169 157
361 112
593 465
631 445
93 603
314 609
13 165
192 723
168 39
855 502
398 15
639 432
110 487
715 36
819 381
895 849
634 388
77 24
322 636
593 378
628 322
389 850
466 497
13 429
506 896
133 157
434 702
307 878
350 443
703 388
253 182
432 507
688 670
488 733
65 693
691 426
377 171
168 276
383 347
201 775
116 135
251 762
451 135
416 392
212 885
748 517
115 246
609 633
138 238
374 727
317 359
841 303
504 651
68 57
724 657
811 918
799 657
374 503
38 262
591 607
134 149
311 299
222 799
570 460
455 633
720 316
871 431
58 232
467 422
696 642
875 319
229 638
581 882
833 774
216 823
99 470
891 567
342 489
349 491
458 896
22 149
920 347
876 555
8 304
30 588
473 576
706 746
260 760
279 568
32 38
158 911
49 163
774 549
716 383
304 284
450 89
389 509
508 154
213 562
340 833
522 871
540 871
752 63
918 696
693 606
268 585
790 319
392 244
915 577
655 279
829 784
869 710
544 753
264 710
89 908
384 504
362 119
332 702
3 468
439 435
870 78
33 9
8 399
723 810
598 724
854 547
705 4
28 836
151 489
799 171
599 607
864 97
436 493
448 28
321 402
317 23
728 274
809 656
285 511
560 186
748 588
882 821
800 163
69 403
544 560
129 136
2 344
148 626
819 642
592 484
165 421
701 577
150 511
897 726
675 237
362 438
845 423
314 479
205 770
862 50
661 193
765 452
287 327
628 414
608 30
333 691
307 760
393 197
655 132
581 130
380 32
381 199
352 512
145 355
788 907
871 433
870 414
449 252
530 188
197 71
476 293
858 298
269 811
516 472
825 783
285 866
774 636
443 503
594 264
576 509
72 33
485 516
220 900
469 164
118 511
287 23
797 891
588 870
147 257
634 757
736 430
764 678
861 428
747 409
514 470
885 424
34 157
229 578
541 458
839 450
298 695
857 798
242 818
179 616
246 836
921 297
186 50
810 194
429 578
705 154
748 163
248 711
437 273
427 838
376 322
645 119
146 853
559 322
192 234
224 663
396 312
764 869
525 110
249 707
270 111
401 595
261 799
717 827
663 319
456 535
52 788
422 139
76 783
101 419
150 80
443 790
54 65
599 283
538 320
742 234
554 866
675 154
635 446
422 793
484 546
90 671
195 252
554 888
648 512
277 325
331 740
452 109
265 183
812 223
685 459
835 667
529 431
715 678
733 126
629 312
278 728
387 599
11 138
383 551
15 385
763 911
570 649
201 451
673 846
232 458
463 519
753 368
714 177
60 212
454 428
52 748
355 561
290 662
280 647
797 62
500 641
117 800
229 307
499 627
160 878
124 771
584 567
786 541
714 577
608 819
173 162
571 595
116 212
596 389
783 684
39 723
509 48
188 450
776 292
312 36
529 617
133 737
88 612
142 593
197 576
375 495
216 45
472 787
263 156
647 308
587 25
269 275
843 276
303 76
509 744
125 719
269 588
9 490
3 191
538 739
279 443
27 637
595 787
904 473
900 101
478 650
762 290
285 585
56 305
384 822
786 434
492 195
266 768
565 616
67 66
88 897
393 749
41 78
696 266
230 427
245 509
556 437
46 873
367 773
706 386
139 757
897 874
72 364
882 666
894 663
289 425
17 58
79 540
530 915
109 748
40 298
686 267
247 393
219 568
687 286
400 188
820 308
154 440
290 547
797 365
907 532
207 766
37 141
621 299
61 422
353 179
406 261
197 282
