883 3 1205
760 199
430 1289
946 835
559 330
105 491
914 595
42 426
210 678
160 69
195 873
1121 1235
946 675
445 257
557 411
594 1271
407 90
417 522
529 417
612 289
288 1154
287 1307
561 642
1044 742
1023 1129
603 748
231 562
758 674
1085 260
210 1221
433 1084
617 314
99 1245
155 919
436 1104
1229 866
861 74
579 926
955 754
659 1167
1060 883
1091 630
453 1225
727 609
122 749
1117 423
20 258
131 562
709 266
355 1117
1181 489
556 21
710 20
461 41
433 872
1222 1186
300 595
1287 635
969 87
366 394
162 894
229 747
1195 148
50 966
569 591
572 617
896 1197
923 177
201 61
636 869
1075 178
1200 692
180 559
1132 1042
179 1173
1182 189
1309 232
496 1283
96 796
366 1261
1078 411
97 415
928 121
111 418
259 43
77 247
336 15
1059 770
1297 341
461 553
269 785
1225 215
1301 1250
1032 1273
897 303
1262 983
1106 682
1054 835
285 68
1240 378
660 992
1088 351
493 432
925 344
505 947
33 840
401 791
187 796
959 339
626 166
1121 1063
1213 1121
767 679
812 46
1002 821
970 598
1217 162
82 759
906 1041
936 904
1286 652
918 1216
655 1145
333 737
443 152
1002 1009
824 386
876 984
926 1289
218 852
271 645
888 773
1114 643
1278 991
183 171
1047 638
541 200
665 247
253 374
3 657
143 1269
526 1270
1194 818
691 93
1262 784
615 333
423 1195
341 190
394 519
844 261
282 558
764 550
1208 894
954 112
1309 897
820 1238
494 386
792 1043
693 735
1169 226
903 1257
1046 165
613 1209
1064 39
921 1111
225 677
1097 823
145 829
1190 513
1088 537
1101 949
1096 569
565 1042
93 870
460 31
542 446
634 547
748 1111
510 550
787 1284
1015 855
1145 104
1297 359
392 766
508 744
919 987
871 680
1104 654
418 42
529 937
328 148
953 733
694 291
1228 1146
1180 1284
45 273
454 763
1146 1269
972 709
644 418
1170 412
243 644
359 229
437 21
17 573
1203 526
790 758
939 972
910 777
549 458
1087 825
632 861
1052 958
389 929
1288 574
987 237
422 576
357 747
1078 393
529 288
949 752
632 1197
678 959
326 554
319 876
903 975
1032 659
429 534
518 541
1274 191
855 168
494 324
845 796
600 824
1097 180
1007 665
1194 335
687 1093
498 336
1295 127
251 768
222 772
384 667
596 1283
101 40
995 588
237 703
747 670
582 641
1142 202
862 493
478 1177
437 1003
102 1184
543 440
1183 1086
1128 451
644 1022
350 606
1056 283
208 62
396 247
1270 57
674 1170
710 246
486 181
489 552
567 180
665 776
579 1085
348 514
1212 392
247 700
789 487
528 1211
793 430
986 323
740 199
657 884
598 1053
1223 1267
1070 298
966 566
133 993
1132 8
381 237
452 159
650 137
846 961
705 845
373 222
556 767
570 358
1181 705
825 257
758 282
44 1124
339 486
1137 251
1139 396
714 1193
342 1264
207 1196
1177 1132
1308 387
404 326
764 480
600 269
504 317
419 116
814 400
291 308
631 71
23 1211
1298 1131
1219 139
93 856
594 223
671 912
229 327
459 752
70 387
777 921
1005 1258
698 110
239 412
331 946
808 1176
443 570
145 713
540 824
1097 659
228 912
513 887
363 363
379 818
168 776
456 897
403 380
1090 423
203 1155
887 464
979 806
959 418
121 55
1144 778
25 790
488 682
157 33
504 396
1094 254
1225 255
721 725
943 523
180 332
1035 241
540 954
328 255
598 1261
541 1083
952 1032
409 1251
665 78
1246 290
984 893
662 1083
165 838
929 627
929 681
864 319
155 443
1042 704
749 540
1280 541
1173 1003
798 971
1304 821
199 1158
469 1101
835 1011
774 876
814 433
1012 150
294 942
1093 189
15 1025
1230 58
1089 8
780 139
381 550
608 461
530 1203
511 185
900 933
145 529
859 1252
389 780
1217 544
1073 344
112 53
676 347
682 327
1293 221
1230 348
263 1223
388 1021
225 406
96 741
1270 758
501 496
970 18
572 777
595 283
1088 920
110 1277
1057 980
1082 861
1248 28
1005 774
1005 253
310 918
1198 1056
1193 794
2 437
373 70
819 956
1014 445
650 1241
1215 798
1266 557
1143 1126
922 1248
1292 897
317 679
1119 548
140 260
172 760
1232 1085
368 1089
88 1269
1229 670
1273 716
1131 457
939 160
1050 443
427 1164
1264 676
980 312
748 1078
1285 606
591 218
1191 121
343 117
34 599
799 1256
142 702
1157 1197
1303 1115
975 878
82 1035
116 1151
1219 131
333 772
48 261
235 750
483 243
973 866
364 715
1077 440
668 977
205 750
1289 513
1177 1168
1133 980
265 1153
912 800
912 926
897 1220
393 1244
883 1246
977 798
1244 386
891 91
831 943
794 244
528 1043
344 690
73 793
372 767
63 757
3 480
136 18
166 518
1145 30
1033 691
282 1170
1055 100
451 441
619 953
216 1272
1099 521
74 676
763 544
1099 1016
102 636
862 208
286 692
846 1143
322 338
1146 90
1075 555
920 253
746 729
312 579
689 281
740 1123
324 957
1213 1288
899 47
897 432
346 235
199 988
894 5
1029 25
823 996
356 1174
467 181
1025 378
543 1128
371 462
519 976
509 1104
877 860
856 595
1169 541
475 529
901 644
280 978
1157 481
539 895
783 72
800 1274
141 1281
73 610
750 749
1052 838
990 620
931 825
1169 1077
1121 633
477 382
461 618
267 314
560 909
961 86
863 464
281 293
1085 918
665 421
417 204
376 1297
387 478
601 370
1072 497
189 826
18 450
316 20
345 116
172 343
1077 11
21 266
32 737
207 359
588 53
94 66
568 161
458 1162
1066 1064
992 67
661 326
1125 619
728 854
218 396
1191 839
1146 1253
1161 1097
517 446
1306 1266
187 1288
1089 329
808 959
1184 888
1177 1273
1008 292
727 1001
387 1039
863 1097
144 942
833 1178
153 1161
726 1064
1090 415
199 1041
428 73
363 967
820 1276
629 592
136 741
948 372
142 266
235 763
988 367
125 1182
257 712
157 842
793 174
804 4
1242 940
975 809
453 764
471 405
445 625
314 878
658 1194
1055 483
22 389
1122 775
506 153
63 1203
1110 204
453 156
279 861
658 927
1044 382
288 83
939 298
315 1011
107 895
775 894
244 741
305 28
478 152
651 220
587 827
906 605
998 824
578 88
1184 1032
667 754
1059 71
736 112
271 929
762 927
772 67
277 607
805 573
201 1078
66 55
1060 463
665 1151
693 412
610 207
1219 677
732 758
254 806
1038 934
679 53
1299 594
281 1150
1310 660
1220 1171
405 522
829 424
697 1052
96 1181
644 475
538 1274
1199 588
1050 1241
1120 60
301 83
1263 1229
330 345
357 374
134 170
721 335
422 496
122 1055
492 1053
631 591
702 36
78 255
69 788
544 698
314 874
1158 564
1278 1127
1183 242
606 523
714 32
575 76
1200 1216
670 462
160 942
487 106
257 288
134 1229
1067 874
233 597
155 673
1120 1269
960 6
423 585
1090 493
284 1056
999 864
497 653
790 588
321 660
1074 158
1022 1046
225 683
895 938
1278 270
1150 282
583 693
768 934
813 311
150 853
361 1296
112 586
1149 717
280 213
179 528
650 66
717 1000
418 1052
264 1282
927 720
91 615
998 1127
31 436
474 754
677 591
431 737
748 676
657 1041
290 33
270 687
752 951
318 897
995 569
441 110
1141 910
203 704
551 1005
695 796
1186 1264
143 788
956 194
757 291
185 229
1285 1197
552 799
1142 43
326 233
979 131
558 955
1291 1202
1125 53
9 522
1299 790
308 1251
1147 1031
1233 4
489 1302
452 17
561 1012
421 602
500 1011
259 1010
919 19
833 444
855 834
181 1239
119 2
229 899
351 700
884 330
112 224
970 915
806 1265
1180 1026
342 924
92 1310
476 735
15 1310
182 668
968 621
605 959
129 26
668 87
1140 610
1302 470
428 193
53 823
899 240
136 822
1109 638
140 1160
259 1292
611 989
506 831
731 814
1113 152
852 82
549 1207
444 1298
133 590
714 321
226 1306
833 521
988 163
692 1309
608 1207
278 639
959 306
1027 193
1177 898
495 1073
485 345
435 814
1079 658
1193 1230
100 486
622 825
705 945
1160 1185
1243 1186
1223 340
659 791
228 804
207 628
288 1199
416 788
520 446
139 1254
1256 62
747 172
1174 357
693 879
451 486
159 104
397 395
670 8
279 869
707 704
439 205
1025 1168
888 1103
655 881
584 77
364 306
522 261
639 729
114 979
254 367
1226 541
1095 1195
397 68
194 30
814 942
897 120
331 884
377 91
511 1003
553 753
37 388
606 492
859 1054
1033 1053
1301 150
632 1112
1152 1233
826 428
591 618
1302 305
299 128
192 862
54 728
784 997
453 6
536 1181
693 25
1270 1246
280 328
48 1298
1303 903
354 1269
1290 1247
1127 1132
1115 1046
830 38
1286 538
318 814
14 448
715 1190
673 1228
1247 1286
41 823
600 436
107 94
950 686
162 805
210 1296
305 586
1274 226
997 645
658 772
598 697
934 447
1115 1273
418 34
1122 712
1152 1236
1137 176
1119 593
160 845
650 716
522 584
910 312
396 1254
760 1127
811 27
782 635
80 1082
791 789
1002 403
329 1066
1250 286
670 1025
1205 1227
515 289
36 600
1000 660
849 813
175 324
1167 1223
781 1127
910 1094
314 841
522 395
94 999
1145 1051
644 1171
754 569
774 950
1139 1280
611 1
551 1024
606 684
836 1099
313 1013
1096 724
889 283
918 935
1053 851
949 253
706 689
129 90
1203 41
1122 76
840 558
448 279
235 1166
680 793
76 850
1198 47
412 546
210 993
349 94
839 903
591 894
984 1221
1201 1019
289 250
285 1267
344 64
743 416
665 1216
1293 664
1240 580
664 963
484 613
305 11
343 228
795 284
243 1166
159 503
605 57
1035 1299
850 1128
1295 195
312 779
874 245
1040 18
597 205
1256 201
714 82
1285 968
758 496
44 51
168 207
772 626
658 520
77 997
793 1162
819 318
280 622
887 561
245 963
78 1286
819 1250
935 71
355 357
766 538
634 776
1130 494
1244 351
709 702
1201 1015
234 612
542 1013
466 315
842 475
490 218
959 319
1301 1169
658 715
161 430
1226 1045
781 338
714 814
547 1054
1244 1065
84 383
655 698
156 1162
730 259
222 644
714 553
37 864
1085 857
388 1227
387 889
306 637
772 1239
958 1231
1216 856
939 864
175 335
229 1124
329 631
201 638
389 411
748 1156
471 915
968 1009
723 812
1137 950
417 703
43 1237
232 827
405 604
580 1018
844 943
543 1297
604 299
1134 571
1191 775
918 567
1188 662
865 334
1173 619
1070 52
725 1115
1063 207
172 1184
137 176
773 994
787 1040
206 138
988 1033
488 619
1102 1248
243 231
671 974
471 646
520 34
1122 1258
1225 217
1164 1039
1261 1041
1016 141
358 711
1234 667
65 238
500 228
514 1093
171 925
248 1125
331 807
765 374
112 112
585 888
194 177
698 174
1284 625
238 395
362 1019
773 1091
857 795
404 1017
644 762
381 370
248 195
1252 418
1062 1277
302 823
600 650
888 94
150 415
57 859
841 23
319 646
165 311
1079 727
214 406
724 133
135 525
104 1296
860 307
934 346
263 341
1167 355
311 802
609 1284
443 245
427 290
94 533
979 567
100 828
486 229
127 1046
712 165
204 873
1115 1220
1017 306
1032 1050
856 1248
448 389
436 323
897 79
775 472
1072 1299
590 710
9 182
485 894
102 719
233 708
24 94
1030 1190
1269 158
371 773
19 272
377 355
396 675
37 632
1019 1100
988 897
900 1053
1212 686
146 45
558 159
824 1271
969 162
77 328
112 837
928 482
797 558
536 237
60 990
477 759
161 1285
433 521
1099 773
808 637
323 59
222 234
683 404
952 229
493 1265
1002 534
608 1028
55 734
63 1064
