2000 4 2000
571 620
1820 1773
59 92
924 1606
961 484
413 775
1330 1759
1504 1502
1333 1869
787 1932
1771 1389
826 1484
1304 648
1934 1247
91 1111
798 602
1040 1683
737 349
641 1922
434 864
1521 420
169 1151
1808 1552
1738 1023
744 419
560 1255
1126 878
1798 803
925 1170
493 964
580 774
670 395
21 1363
1717 1351
34 59
1374 1702
892 1475
232 619
689 194
1641 670
454 1486
738 273
210 422
1199 1798
1325 1829
294 112
1622 1205
1154 1254
1457 365
218 1570
463 1147
525 1546
287 1675
1457 942
1682 1593
1661 447
1470 1381
1683 1702
603 1734
1843 183
924 747
1574 1405
1859 1319
1996 954
675 1617
761 1967
1429 786
950 24
1082 1088
1281 346
797 1877
127 753
1089 1894
20 135
59 1128
361 184
308 1891
1304 1977
1735 1153
1991 1757
273 1143
1924 690
1178 74
10 1375
822 494
1260 390
1612 953
528 1495
1925 1565
1808 1276
994 1818
1772 1481
941 1188
1458 922
372 1928
455 278
50 463
797 37
1300 1097
1521 734
1175 705
1901 1209
847 871
1738 314
1618 1503
1456 114
1584 620
1956 1217
335 1381
1028 1594
551 931
1155 327
138 1444
8 549
1132 339
1613 554
32 747
452 559
1872 51
1450 1701
1777 946
1976 1801
700 924
233 2
229 1581
137 44
1238 1234
1549 659
1618 1855
840 1412
368 134
1921 638
35 1957
1820 1758
1605 1188
1145 1312
1125 1412
1465 273
725 101
1468 828
1500 695
1911 1018
1290 20
452 1729
760 814
1927 1103
240 619
258 368
51 303
932 359
1907 1438
1817 888
523 1018
1922 803
843 1911
394 1436
1484 1571
990 1415
1057 1433
765 1438
1343 1498
785 170
1197 828
1674 103
531 313
877 335
734 1017
394 1134
1461 1630
650 1445
1799 90
682 834
1305 117
109 605
1244 709
609 1834
902 1022
1133 1872
546 1532
1237 632
1953 869
1595 1121
615 981
1011 1702
1306 273
435 935
43 1766
1511 48
1036 1793
163 1821
1583 336
519 848
403 1454
514 1855
1054 462
510 323
1254 1076
267 448
891 418
1026 569
1818 1366
1272 1775
1198 1981
171 1446
591 1383
1719 848
1272 669
573 344
1671 60
1690 1875
1566 1372
1418 187
262 1497
382 1205
690 1218
1309 253
69 1384
1721 1629
635 1418
352 1433
1192 979
1148 185
1190 759
614 574
457 1854
511 1099
256 1274
1838 998
258 1820
292 483
923 132
1074 953
1392 826
443 1439
1004 1157
1721 563
1323 1554
816 514
695 1398
1096 298
910 1053
528 1126
844 1378
689 642
782 1266
909 1773
1232 400
1241 4
233 1797
1913 231
1240 498
423 1230
1380 1396
1692 516
1584 979
1232 1976
750 1493
1825 1318
249 559
119 243
349 1213
302 650
775 1687
193 935
1357 275
740 137
1031 663
1009 1410
1744 382
834 129
1364 898
803 121
1592 779
1026 239
1855 1886
890 1588
1855 764
750 1013
677 1531
1552 1596
1797 748
858 1115
910 1592
1425 323
202 1705
276 1746
1576 1443
346 172
1881 1971
352 1264
49 783
1003 805
1943 274
1306 1955
93 641
791 396
703 148
269 1648
85 1888
256 982
6 707
331 227
1330 582
1591 1551
1564 220
1822 1155
477 1329
28 920
1258 967
1296 1693
1158 1454
1818 1600
1848 380
217 207
409 1466
370 940
697 929
1989 397
1669 1770
606 1752
309 1943
516 1586
685 77
468 1038
1157 1224
389 1503
683 1886
637 40
1465 1258
216 99
1889 1274
154 73
130 1360
1273 796
513 874
176 1619
189 1009
23 53
1165 1780
729 668
507 1259
332 278
1782 954
1383 1656
38 326
1050 1014
1761 1829
215 1457
1835 418
1631 1783
1634 1186
1380 595
1197 122
1363 1162
1024 1181
712 131
658 1348
516 1253
493 819
1795 1090
34 1563
1636 957
1053 482
1154 1580
1910 257
1927 1993
1584 1370
1502 1303
534 998
794 1854
1608 1237
759 565
1199 152
1372 1079
1124 915
1311 165
433 1431
11 1988
1396 778
1905 918
940 143
1251 1695
1055 831
1782 1770
1009 1948
1221 650
753 518
489 1401
839 783
851 941
795 1844
1224 474
1488 846
530 1577
584 1719
1859 869
1422 622
563 694
489 1190
1947 475
1321 359
437 1687
1050 885
1911 509
1103 1412
520 1014
1952 540
972 1994
1651 61
1417 1485
1031 1415
619 1379
449 896
1820 307
1828 1511
112 997
668 1551
430 772
1398 1592
1041 871
404 1373
1636 1633
382 1745
1610 401
324 407
660 96
249 1923
1949 318
488 441
1361 1622
172 639
1212 1423
159 701
1223 1283
920 1849
1185 1337
1809 1247
521 1911
1004 306
1600 1704
197 591
254 816
1599 1411
778 1598
972 768
1633 607
161 1811
745 1076
1215 1570
480 947
996 1983
6 113
810 607
1480 1414
1963 1859
734 6
1432 734
1438 901
502 1252
1513 1543
191 661
1892 872
161 398
79 1022
292 1143
844 1328
485 1788
803 1250
1249 1101
199 1006
201 1900
1117 1221
278 1424
575 1338
1504 1932
538 630
30 383
1649 1893
1617 1527
73 1870
847 1748
1267 151
1124 1468
1037 586
1062 1302
515 722
1637 821
355 1397
1949 995
1733 1459
639 1364
1981 1381
1797 1562
1459 1283
1086 999
1886 981
1735 370
1469 1921
721 1874
335 99
1141 1969
1248 1911
573 670
950 495
741 411
1296 1690
605 948
5 183
1820 1926
1753 1637
1360 324
1589 151
1274 236
1033 668
1515 1636
1301 1282
1259 1972
491 1650
769 1089
893 335
783 1231
644 1652
471 327
1094 335
1411 1567
30 672
641 1185
1043 1192
1907 568
504 584
1667 1621
886 769
1660 1108
538 886
878 146
87 1830
1007 1362
1996 1491
553 1955
912 1193
1103 1868
683 1563
1232 667
1082 372
88 1197
1817 1126
1697 974
907 1997
921 132
1602 1110
1003 480
735 367
962 1484
510 1144
470 39
824 125
1928 1132
1886 728
600 1739
1330 766
535 1127
1183 428
1048 1730
966 1220
1573 1124
1613 1694
1575 514
928 1534
1879 846
959 514
1681 243
1339 659
112 1674
854 213
340 1475
591 665
1630 1325
1491 773
268 1526
1160 184
886 935
1424 885
1478 1298
1244 671
1220 1067
1722 1637
1946 956
1980 927
954 899
1557 1319
1312 637
10 1015
1042 374
11 1122
1845 1116
140 1428
1172 1504
1364 765
509 1208
1217 68
1646 845
1367 1883
1249 1453
1637 1491
1696 1497
1278 1165
237 960
1779 419
174 318
54 193
885 540
84 296
1552 635
967 1747
1992 1761
19 1625
70 379
1446 1810
864 719
1981 1318
744 1348
1487 1463
335 1954
1767 1019
76 1627
594 1163
756 421
1815 1204
292 1853
867 312
1107 1119
1842 135
1178 1273
1573 635
702 1052
1840 771
1857 1196
1341 336
418 1624
765 778
956 920
1450 295
1187 1970
889 1259
567 1373
495 639
1388 193
46 1954
66 444
809 350
896 180
1140 1775
651 974
868 949
356 235
1212 1353
786 1142
148 1700
487 1672
1751 1385
1040 605
1338 610
1846 1887
1396 1341
630 971
1090 1834
1631 1797
1930 146
945 1799
1156 42
1942 203
813 1397
1770 978
217 1701
1891 1021
1402 1024
1819 44
552 1133
491 191
1946 1594
66 253
1569 634
425 1557
472 1269
1946 1873
1824 361
1803 1546
429 1988
58 526
715 1898
1480 700
886 1889
890 509
344 468
906 1920
497 1401
1726 921
1644 1685
1759 937
1556 229
948 1022
1218 1634
1474 1514
1412 135
1317 440
1582 409
758 796
374 1575
1475 66
227 943
934 1323
1427 625
126 591
1941 324
734 1505
1637 264
1436 1687
492 120
874 712
466 327
526 353
1976 420
830 426
1410 1101
350 1069
1846 43
1078 1291
1959 408
222 1823
1424 452
1755 1061
821 1700
580 1541
332 727
1131 802
94 1468
1628 916
1865 13
1947 900
1205 1943
351 1929
71 554
1861 483
61 504
1367 1755
2000 859
1440 1853
937 1896
1603 265
1273 1177
1670 573
1691 1369
134 997
742 186
418 1265
1330 1760
1063 206
1576 638
135 1163
1258 990
1470 1407
1824 1825
1817 1826
883 1615
1012 1615
1781 1532
555 224
1275 1708
1513 428
1018 94
434 1740
1327 1607
434 625
1052 1755
1507 1344
318 1948
1194 1186
1877 415
351 414
915 1007
773 1710
394 283
1743 236
1886 1940
205 1846
274 565
1248 339
743 771
1824 1668
1537 482
1307 831
710 1089
40 480
627 1153
1450 443
721 1138
841 102
1485 1344
674 678
1885 322
1664 1657
1634 403
1105 145
311 1478
1690 748
1058 273
485 129
484 1031
1406 1039
1152 962
532 1134
681 850
362 259
780 379
1135 1574
248 1721
511 1849
662 66
57 333
1769 1263
1923 562
1632 66
1757 634
1597 760
602 987
178 1610
824 1794
848 114
1462 161
1469 1509
1742 1176
1607 1659
1993 193
1841 1860
1550 1226
316 1907
699 213
1936 752
1481 1933
1357 1465
1891 1758
449 1299
1011 797
777 390
367 1702
1766 1145
587 1320
1424 1467
1011 1112
1126 52
1428 1386
524 1249
350 1693
1771 1473
1339 1470
1172 1123
1214 759
550 161
1078 936
306 1472
386 92
1183 1726
1398 1234
205 1690
561 1541
1994 1261
1198 270
1043 849
117 1167
1456 1739
1116 594
625 1881
269 1681
151 1685
1410 1761
119 1946
79 1572
1210 49
1759 1584
79 1136
1425 905
1102 1765
72 507
1429 551
1392 264
898 96
1425 1738
905 1251
1521 1138
1674 724
655 1333
1564 1731
1934 533
577 1807
1753 432
85 598
49 1654
1721 1450
1177 1682
66 1277
1951 334
660 138
1754 1313
1576 1011
32 1394
150 534
1470 83
217 841
1919 1062
1936 413
485 1462
254 1068
82 1563
472 510
1248 1108
404 1338
897 1677
950 1018
1451 1683
529 882
1546 185
380 1751
287 523
1632 34
198 1764
380 682
1904 44
1330 1814
276 970
589 1844
1515 96
852 380
1752 1700
169 688
973 1687
663 1250
764 86
888 1263
1360 940
101 1830
752 202
790 1366
1116 1668
974 629
1627 944
1247 1264
1749 234
370 1860
526 1705
716 1012
908 1597
1656 417
372 1610
1233 1505
741 1528
972 1629
650 1838
1323 100
955 102
524 936
1645 148
1737 1015
724 1102
1624 1342
577 1786
1787 1229
1536 1279
940 765
1195 1291
1490 1837
1300 440
41 657
550 755
831 1750
256 1495
640 1223
216 570
1071 148
612 207
1957 314
1118 1528
542 427
302 424
787 1313
1247 1810
16 1975
1633 259
191 660
1161 365
1336 601
79 1710
707 1548
497 1087
974 119
1560 1887
1520 188
1065 1020
57 1200
1236 1619
1479 1820
1852 1048
1952 1591
804 1902
1964 1203
715 1685
58 1452
839 1809
168 726
1305 137
44 383
565 1754
942 1473
1987 1731
1581 1155
1047 610
1325 1781
1841 1418
798 869
1638 972
1100 493
849 589
884 1955
1518 18
430 768
1619 1040
213 687
1888 612
716 655
15 758
23 881
457 860
1991 1095
1736 1209
290 213
1881 809
1180 119
297 1360
24 1936
1984 955
1566 1568
1621 1507
551 1586
645 148
1457 937
1216 291
1789 134
1499 1951
1248 782
1545 470
1629 687
860 1550
1182 1938
602 867
484 1753
405 239
1551 765
1052 104
448 44
1412 1185
404 1333
1256 1985
947 1097
16 154
192 660
644 729
186 654
1165 187
430 554
491 34
1053 1537
1746 194
1766 947
1720 1242
1463 429
1504 339
1843 1078
649 337
1692 1369
1494 1914
803 1424
1719 471
1326 1568
1448 646
701 957
1489 1191
751 1050
1184 261
586 1648
65 1120
1000 646
646 498
930 33
1793 104
1844 345
1824 904
932 1472
1461 1115
1327 941
624 393
369 430
1836 834
1811 1181
122 1968
1449 1456
1825 1626
618 711
179 1717
1443 1978
720 614
563 375
1881 751
1944 266
1054 1712
782 1176
1037 1817
1513 136
935 1727
799 1362
492 1480
1577 1504
811 434
1496 561
1704 1376
1397 505
543 212
34 621
1986 533
1130 329
92 1704
1185 1884
1130 608
1282 1574
1569 1434
929 85
64 941
881 1406
1414 992
1308 1240
19 446
1452 43
241 297
1756 672
642 1994
1642 1078
86 794
893 1338
1816 254
631 741
1622 1795
1475 1840
1384 1738
132 1215
510 1452
1618 1903
1152 1965
1177 821
541 832
801 700
906 1634
1460 812
660 31
176 1536
901 390
665 1119
596 1699
1098 191
1249 648
45 540
1224 1482
532 1915
385 1832
1339 1666
1379 738
939 367
954 18
507 339
1023 1686
416 1976
1316 1929
128 1352
369 1562
912 1003
997 1059
1895 195
1988 1382
309 680
501 1391
1854 1755
13 1113
663 1200
1242 1106
352 257
321 1972
276 1071
1410 250
32 826
1798 1887
83 1566
1755 799
1552 71
133 849
736 1189
1216 1894
24 534
1478 524
3 126
396 471
932 802
1011 677
575 220
124 578
572 646
1299 73
1197 813
1159 1317
365 1820
249 596
1227 983
1164 432
565 814
1678 557
638 1811
81 180
1806 532
842 517
293 1358
1949 589
273 350
1503 852
308 769
571 1987
1605 1768
1229 365
812 1024
853 716
691 1895
149 1687
136 1909
1563 1600
915 1232
1998 689
1599 395
1502 500
266 1057
1286 1041
4 1080
1040 704
1237 405
431 1360
1774 1406
1733 1881
201 289
198 859
250 314
1188 723
1859 319
1277 150
1939 823
1614 1357
265 1801
1599 338
616 972
1139 1693
290 1566
1192 217
1741 1288
902 302
503 375
1715 1851
1375 1162
398 1248
679 1769
184 946
1433 1958
1192 805
1303 1635
1648 1460
1564 57
785 58
826 358
1150 373
812 1942
925 838
1899 110
901 817
1898 525
1431 1883
1572 365
667 919
1146 946
246 709
343 60
185 444
286 1339
956 1776
415 537
407 1883
868 876
1771 1571
589 1142
1228 1328
1982 781
1654 1110
1471 1817
1656 668
777 1407
1075 477
1268 1052
32 1
159 410
1252 1189
20 419
1353 749
1605 724
1375 489
452 1238
217 1654
1799 972
1624 367
1565 3
1415 1113
538 1895
1159 246
1834 1116
170 796
734 1405
1886 718
153 1832
39 246
71 1109
13 1283
1923 1123
1002 764
83 669
266 1536
1952 1026
733 1626
1971 766
983 1550
1447 970
482 530
1730 668
461 1571
1055 262
409 200
403 218
82 330
1875 780
1985 99
470 1650
1924 1696
838 1114
690 1966
1167 1620
466 651
546 197
1727 1954
1895 1208
920 1275
1771 167
1769 1892
203 924
813 1358
1366 932
970 1200
71 62
1009 1142
733 623
301 1828
926 1980
150 1853
1326 1916
1693 174
11 145
305 1093
1841 1622
1483 891
1418 455
1155 681
592 1956
1753 1786
93 1735
458 985
942 743
279 1152
1133 544
1748 1230
1132 56
1511 1317
395 685
1063 612
1184 276
183 29
673 1569
391 540
221 582
1247 547
1559 683
8 309
1243 102
475 831
342 1531
912 914
768 327
1887 1619
861 1624
1991 147
1298 914
322 153
1097 1984
1291 1830
1337 780
1001 1975
164 536
788 465
1453 1179
297 821
571 1387
39 811
1341 1863
194 989
1526 713
577 1903
370 754
44 352
918 852
938 376
394 1655
1089 1610
533 906
344 31
1478 453
1380 157
1834 401
1544 1752
813 1396
1724 1441
80 1731
529 1940
1609 1973
380 623
719 1233
241 1509
1957 357
1728 345
1248 11
605 411
829 1840
1837 520
1920 614
1538 1472
859 1780
449 1150
988 1161
1429 181
565 491
886 833
406 535
638 288
1743 597
1822 324
1925 1204
424 1366
1952 193
364 1658
369 259
65 1242
1055 1610
741 108
1156 495
1768 1549
252 1912
1861 1225
1724 1291
1501 855
39 693
464 1786
84 835
744 1141
1014 1391
1405 987
1661 781
1652 518
1598 1164
1366 1227
68 317
529 1801
1279 648
1731 127
676 1239
76 181
150 1001
1529 1928
1483 1042
115 1134
1194 1015
1272 1860
955 790
203 783
1374 164
411 866
1614 241
1859 971
1001 440
931 1960
572 1609
86 1745
1247 703
1225 558
370 943
533 1793
1893 258
1656 1047
376 1894
692 846
498 1654
605 587
1468 1555
424 844
1206 1250
1810 41
406 1088
1519 867
799 20
1396 1669
145 823
775 921
1294 459
743 1105
824 990
668 1818
993 1227
1812 596
164 1786
205 195
796 474
315 1325
1503 815
802 1739
80 1930
245 1432
192 1498
712 884
87 1930
1496 358
662 1827
24 1457
779 138
634 953
1162 1538
271 1871
1084 296
1318 283
692 34
103 1077
1988 1648
1601 1696
1827 1030
1153 611
1066 1961
1888 1028
1615 1248
1415 647
1799 721
737 1647
1666 1899
91 1954
1731 608
959 344
750 1076
405 1312
1482 902
1379 492
17 1602
1734 261
936 324
1297 1260
191 649
833 1164
832 17
1255 454
1236 896
977 1539
915 1711
241 1058
1876 1312
1528 1411
1058 894
961 1316
1478 893
711 1204
294 1135
571 251
596 267
702 263
1355 1979
843 1522
208 24
1495 1326
1910 682
673 518
865 1821
219 292
415 1481
1085 232
220 332
1 1382
610 1624
78 62
1010 118
1078 642
1844 244
239 56
1223 209
1549 1143
419 1111
814 653
1554 1748
1461 679
1976 717
1315 437
56 428
579 1147
843 91
356 608
1854 1361
1851 1042
1098 1932
55 86
1050 441
104 1182
1029 257
1927 658
1856 630
169 464
364 375
1245 267
593 103
446 971
618 516
674 254
874 500
74 463
850 1008
526 1614
1231 331
1999 1151
45 460
1163 444
1242 1257
1136 682
162 1424
1967 112
1881 649
23 414
421 1814
1860 1336
1867 49
239 291
682 171
690 216
87 1008
437 1460
226 1571
939 508
733 1613
178 1547
967 983
1683 944
1246 929
1495 686
1210 885
1527 1561
395 1491
1883 833
1154 268
1874 234
3 1864
818 15
365 1949
1116 154
1109 1673
1255 59
1790 1440
1477 500
523 1941
501 746
1945 669
1040 1228
1486 477
1034 49
1267 468
449 893
941 597
366 332
1540 1566
1485 1553
1170 672
1328 240
324 139
1327 1393
934 184
1400 383
1943 302
776 1338
14 902
19 1609
512 1819
808 789
1146 217
320 940
1618 1229
200 526
1044 778
1218 1049
344 1247
1101 284
893 1063
605 473
574 1900
1434 1024
758 314
1768 1048
1008 1963
343 1996
400 1590
1088 1076
1329 64
389 325
428 826
1347 16
1611 383
880 959
390 793
210 1016
346 755
779 1009
362 284
588 9
1328 1816
275 925
1827 863
120 1367
366 1072
662 1094
1544 506
1161 672
1483 1046
1854 960
1497 1253
514 1259
1703 377
601 1166
31 14
1817 1465
427 1770
971 1768
936 611
1529 1069
1747 213
199 1462
1301 728
755 1008
1990 1900
1155 605
626 798
1927 574
115 1700
154 1553
680 308
535 367
1573 253
1447 682
434 1159
1102 1060
4 1726
1717 1192
544 1038
1823 15
1227 1073
418 378
1920 92
1628 478
1007 768
521 448
233 1762
1285 610
1756 781
1931 7
476 483
1251 1340
1302 1086
82 133
1985 555
258 1744
1736 1766
1420 1195
1463 1444
1886 467
1232 1120
1445 1794
1882 1146
26 656
459 597
960 1548
1999 1963
1813 361
1927 1111
1782 827
1055 792
1019 1699
933 1265
155 1911
488 1217
561 297
270 803
1170 968
81 1428
1845 1255
1510 292
1289 1915
1930 1299
1317 232
26 1794
1075 1385
1236 64
1883 808
1460 33
1383 995
1963 1267
1287 1602
1825 735
137 1265
724 1629
1039 682
1960 1901
1482 1631
1344 1327
708 304
600 1064
1693 1018
1961 338
805 1039
1235 502
43 112
1250 282
660 1259
606 459
608 1844
1163 1214
1937 234
420 70
1861 1430
824 1602
1161 1315
1758 980
1085 1936
62 1841
714 949
1742 768
136 109
571 769
130 1252
303 700
83 1862
644 243
557 1470
1623 895
735 53
1663 1337
1689 211
95 504
616 902
1782 1555
1540 1832
757 1899
377 1027
1041 687
831 788
115 619
1040 1564
1429 315
1680 1829
1385 488
522 906
376 1818
1825 969
922 993
1226 510
109 812
321 360
1825 1338
490 1888
571 1355
1186 325
859 557
463 816
677 1741
1198 997
320 1226
538 1902
1275 300
275 391
419 1517
1819 1037
2 76
1934 944
1384 1759
971 1546
148 631
696 968
541 570
614 229
235 1427
368 993
1634 477
1227 1575
1018 1071
793 822
1136 1887
317 322
1903 1534
944 1394
1718 886
90 490
1214 1741
1321 814
1711 287
1110 1171
594 1383
928 1850
97 172
1721 645
1247 1026
1238 1011
1292 886
218 759
1188 1583
1885 281
1433 1624
160 361
1741 1768
602 1270
1977 1524
318 1141
433 1805
873 1036
1883 384
1731 201
1667 139
1321 968
391 1561
968 1118
805 286
1519 753
1422 1216
1982 426
1128 1832
337 729
356 1417
850 116
689 3
869 316
1395 1208
1283 700
611 1664
1831 323
240 375
481 1969
1423 600
1329 920
407 39
63 531
673 758
1882 885
1902 535
337 1737
55 629
820 1182
1098 898
947 880
1219 993
1220 1963
568 751
1891 1986
748 1163
1684 1056
424 662
1427 1229
988 1300
427 388
1647 946
1674 1300
905 1755
981 815
1271 1496
162 1808
97 1664
1029 766
320 710
