2000 1 2000
724 1916
191 1830
1481 1974
344 1163
1366 1044
1203 747
376 920
1432 1112
1123 1990
730 1157
1628 1537
1063 926
1807 554
1133 888
497 266
630 1543
616 446
1515 1133
1649 818
1394 1434
324 747
878 913
241 1034
250 538
1339 1058
585 1232
207 823
144 813
1321 549
1141 245
40 1561
520 1963
684 28
1980 307
1129 1746
95 1199
1720 740
1882 231
1750 780
1907 192
1692 384
775 1310
1342 753
335 565
1937 477
415 621
1747 1365
1808 1109
1977 1232
1129 849
860 1216
1534 1048
1200 507
1540 1447
782 1624
568 232
546 1652
1654 584
131 1864
1960 1642
1972 1026
1273 1574
557 1977
153 1726
1225 86
912 96
27 1889
1845 1283
1334 1555
1987 701
1295 290
230 972
667 1374
1382 439
704 1646
1025 1393
1477 1359
880 1108
373 238
493 1758
181 1500
669 150
539 1821
470 1262
462 519
1681 1542
1862 1023
1830 1689
1943 1468
1250 893
466 1532
1739 1699
1599 921
827 1967
332 1490
1952 1005
9 427
18 1989
1235 1724
457 439
115 701
134 1900
478 1010
366 223
1108 770
272 47
1582 668
537 1357
397 1149
1374 195
449 1312
1117 160
888 974
864 1520
218 1559
742 460
1266 559
180 1839
723 1661
142 1728
8 94
1748 1122
208 1938
1090 762
223 1149
1530 1925
1296 271
1379 749
26 723
79 858
1215 1455
1197 840
521 1470
1334 464
644 835
1517 485
1004 427
1889 2000
1710 1127
315 65
1678 1543
774 1317
1050 208
1644 1960
364 1391
180 328
1297 1629
725 1254
244 821
1037 310
1353 346
1041 1101
1864 1596
135 1002
1322 583
1800 153
1400 325
1016 381
1589 953
574 142
780 215
1943 1144
1950 1526
136 562
70 863
1704 94
1697 2
478 1880
500 14
1871 1962
86 1858
152 1050
1969 1968
1445 1377
1846 1063
107 232
808 1583
806 580
1763 175
512 1321
1720 1147
1190 913
1035 1520
702 588
1316 140
962 74
385 1024
100 135
1120 699
1646 645
311 177
671 1654
202 809
1572 265
108 1807
44 172
991 1087
569 1158
326 848
1870 1660
1171 1654
1602 141
1045 1013
1926 1107
1904 1016
625 1059
308 1590
1006 1541
1692 641
410 1196
1549 1144
873 658
1355 1321
846 59
339 1989
1853 1629
1504 748
1143 188
1620 1814
1109 232
1159 852
1364 822
1611 639
1995 261
1395 1678
782 209
1253 1859
209 73
1886 1234
499 1492
1749 896
1147 682
1133 1959
534 1221
1332 588
532 1452
1770 1421
1122 814
785 437
471 1093
1621 43
1017 1737
442 578
1103 623
1300 819
1734 622
487 1721
1751 818
1021 1814
344 1866
1832 634
1783 1695
1184 828
386 1489
991 1145
1141 1861
1185 332
1369 447
798 815
695 424
1973 216
640 1223
283 97
1691 1994
271 29
516 529
372 485
873 333
925 514
1697 1246
1251 1115
1907 445
602 805
106 1967
764 1499
58 505
1862 407
164 1793
1055 1325
12 609
1047 42
1947 1687
1464 1074
566 1332
314 1951
84 400
864 503
1318 1062
949 1758
1781 206
1114 879
1640 1885
407 1109
1347 442
1832 1285
683 1609
244 787
773 1728
1316 24
138 339
659 337
710 1222
1730 1107
1406 190
1696 1443
243 644
456 649
3 783
1523 1169
1048 1640
322 372
621 298
1249 1506
1372 1450
783 208
1807 1371
845 363
713 4
1215 110
585 464
253 105
146 533
1173 1479
1352 1998
526 1997
321 1717
865 1085
1810 1164
271 11
1893 637
1764 1492
257 654
1676 848
1992 1840
517 782
1109 1363
1764 538
1380 477
1498 329
1585 1436
1932 643
1714 1354
466 1916
644 1667
1275 895
1703 1030
1670 1735
1176 846
1775 1019
497 1827
964 714
1128 1889
330 1090
1313 1203
1819 629
167 367
1559 1291
1553 1272
465 1799
443 1021
1818 879
1247 593
577 834
1496 1465
659 854
1423 391
1936 1732
1243 1901
200 1489
268 152
836 429
1266 989
1142 440
258 240
27 407
705 1454
1618 315
1190 856
1032 811
1312 1137
1790 101
1748 40
302 424
810 1856
1636 556
1825 759
1207 263
860 1101
1753 1709
727 1540
1776 37
156 92
2 780
1411 1914
591 1883
1960 1429
591 86
623 1332
1589 1426
94 1457
1238 127
688 1537
941 1680
1373 1958
507 1424
435 1029
1956 46
108 1254
61 1442
1062 653
1011 700
852 273
1787 696
1019 1019
1029 658
1792 1972
1947 675
1391 267
1776 169
422 515
1178 654
1551 200
1847 1926
173 1713
368 158
1194 238
1157 1697
678 452
1936 23
747 1346
405 1405
1329 1166
1886 1801
36 1760
441 733
483 1080
868 1929
752 1289
351 993
940 1129
1297 1242
519 632
1333 1778
719 339
1755 1844
279 1617
548 369
371 1161
1051 725
31 69
805 1292
1534 1688
1127 1153
693 1780
1276 358
732 668
640 1777
115 571
1565 1542
803 997
904 754
1797 645
899 1403
1136 1054
999 1303
1442 1020
868 398
82 1284
1830 280
1754 1946
1455 298
1717 1847
1101 765
828 1983
685 1833
1075 714
773 714
1945 348
1674 191
1319 1028
684 939
1492 1643
1437 479
1260 569
971 1001
545 1371
217 1280
528 949
1822 992
1281 878
1986 1707
1058 1298
1799 1111
949 364
375 1609
567 1976
1827 379
1211 257
1754 238
762 874
264 169
1300 1985
953 1426
210 1783
557 1279
853 805
946 1904
1587 1183
1933 1477
516 507
525 1768
119 1981
216 1686
1772 919
1532 1120
838 1326
1157 798
959 1239
1299 1208
1315 555
1822 499
957 653
1967 1852
1291 320
1141 1051
1987 1320
1344 1725
675 1533
27 1121
1963 1868
326 1244
1926 1636
1047 733
41 230
48 753
188 1200
721 1329
161 1573
1324 35
1941 1095
1637 1834
1026 1686
1103 619
773 35
136 1460
484 271
424 1952
325 1436
842 1160
1093 831
1775 1596
489 1609
1876 1973
1209 467
1903 1658
439 989
1417 724
1291 854
1982 441
892 1854
1902 1522
940 1461
801 1531
890 1893
446 450
256 613
1578 1984
1368 1384
1425 156
299 644
1775 1579
245 467
1256 1340
1934 1174
584 243
1890 1599
1242 666
1238 1775
1405 1713
1480 570
1440 1173
298 1574
1086 1131
1318 1053
1038 901
1046 1582
456 1588
743 612
57 813
1959 146
1417 1533
1565 502
1344 134
276 926
961 913
379 684
1208 1495
1814 697
1800 172
1643 1144
1563 229
493 608
39 229
1642 1678
1469 973
1822 1465
789 539
714 373
1983 174
1338 668
526 693
1011 572
903 1476
454 556
1026 1690
370 1286
206 1857
1530 754
61 564
1069 1914
1443 434
1870 1328
219 315
128 553
1102 629
1524 466
33 96
915 1608
153 1269
574 1016
257 19
1072 1104
482 1929
98 645
1229 1325
175 821
1976 1551
1779 271
1634 1034
238 1334
372 908
517 333
1028 1214
969 1309
1355 1843
308 35
1620 437
1505 1407
1299 1580
805 1715
1281 282
1551 50
1040 1210
396 1209
1848 1744
431 1307
578 1662
228 1737
1840 1670
1979 1303
308 425
1903 1336
1614 1827
574 1866
42 1059
1243 954
993 809
107 172
194 797
614 1938
1876 1588
1229 134
802 1475
1087 545
1709 1859
1496 1943
375 1678
1960 1631
1488 116
1893 1426
602 234
1762 1398
1182 1804
952 1031
1991 471
13 193
304 1468
467 1244
1703 235
875 1800
1135 93
866 1846
129 312
1496 1375
679 390
419 184
1092 1486
28 1845
1378 763
762 195
427 1075
527 532
925 845
752 1131
214 85
699 457
1980 1416
61 1468
185 910
456 304
83 571
1599 1888
618 41
1888 995
545 1862
695 469
410 993
1013 648
1125 898
1514 1399
1150 810
1372 1815
757 1450
428 210
1915 1261
905 526
958 1039
254 1157
1094 1588
1108 76
1974 750
948 478
737 455
1479 916
845 1738
355 1198
1150 1668
555 1357
672 429
415 1501
1643 1757
1442 1077
1580 64
793 1605
533 1831
22 902
389 118
1724 1095
353 398
1449 61
340 914
1905 923
1358 312
1363 720
1732 929
1732 1475
1271 1021
55 412
1401 564
23 1952
1961 1366
1785 1420
919 213
939 237
1772 911
897 1732
295 1162
1458 884
1041 1507
1832 1814
1063 1066
682 340
1644 1088
1538 246
1674 1177
658 274
1604 1586
1704 1322
219 1843
339 526
694 1149
142 229
730 1632
69 1431
1573 371
941 79
583 1606
330 1392
419 1140
919 642
318 1133
1389 1066
704 109
301 1104
1548 921
1117 1223
1931 1354
325 1423
1188 1180
725 73
169 627
769 495
975 1314
973 1846
1875 1607
122 1094
1707 725
1240 35
9 852
1248 721
166 805
282 1539
1157 188
1053 1675
1418 298
720 1007
474 1937
1740 233
57 1479
1855 1457
1484 1298
396 1512
874 789
937 814
1695 1511
149 664
1142 1071
126 907
1051 1071
1704 620
1145 1297
1151 1359
2000 1929
803 1646
1317 1195
331 248
1992 1982
761 1217
1700 227
184 1198
421 1771
543 1032
257 998
1575 668
1835 1422
1676 1017
636 1223
1519 1649
1013 879
792 55
1779 1280
1869 1247
1663 485
575 806
896 1799
432 258
1617 480
1857 1467
372 653
1047 1022
388 148
1221 1607
581 1025
863 1761
523 1353
1976 787
281 1604
494 1235
49 1987
1925 1028
1642 1433
1902 1550
88 981
1927 1723
1673 127
985 467
148 1764
1051 1353
658 1835
1635 96
1051 1885
178 1614
1097 1889
1966 278
628 1946
333 1289
1524 1952
814 1800
641 1657
1862 668
1469 1695
872 278
580 157
669 241
692 346
620 186
619 1391
1733 1347
1141 1168
1318 1594
372 1100
1586 111
315 329
1747 1125
1985 1300
1574 264
1535 246
445 1859
1797 842
1993 186
977 509
1231 373
1736 545
1233 1215
1702 1825
823 580
596 151
714 1808
311 735
602 651
1774 1667
1085 1367
735 467
1460 591
549 1096
246 1561
1130 1274
197 103
497 1759
1484 717
706 679
576 228
94 454
1024 1066
1508 1717
1917 471
1206 1942
1149 1974
1775 1178
1656 838
1429 1212
644 702
1157 1685
1357 716
855 490
1404 594
1866 191
1024 785
362 959
1046 1344
863 669
186 815
1485 762
211 1905
1469 454
746 1083
809 1080
1106 234
345 588
977 717
1029 1822
562 994
751 529
596 991
1507 1897
508 920
890 1422
616 1567
1814 519
1417 1055
965 305
294 1300
1558 99
1567 1685
1148 1149
592 1918
667 1419
429 1241
1037 1894
153 297
257 1213
1709 1093
1318 175
1032 375
1760 1927
880 1482
1007 446
1303 443
1497 1154
1884 1759
1304 599
1305 258
1359 1869
29 1820
1074 1323
677 1515
1894 1490
303 1316
1019 1597
175 421
588 1330
1772 932
351 1825
13 596
322 860
118 1373
261 660
943 306
1600 1250
1162 537
136 1374
625 1799
1013 753
1331 1218
70 1363
422 964
1084 1025
1219 1712
1538 970
885 1603
525 274
1285 990
650 1290
138 945
623 1033
1127 850
122 1460
1468 358
1360 258
1392 372
661 861
795 463
1804 1595
1204 1562
906 760
97 727
1721 981
1244 943
214 974
154 1984
938 361
493 1033
397 1407
626 438
1432 448
1249 959
1159 656
1240 1091
403 1568
1415 1092
389 976
1041 761
1568 1927
867 1405
745 1019
1365 94
340 1827
455 1418
1006 340
289 576
1578 437
1754 1323
640 1407
434 1132
5 1322
1547 1879
1812 1451
196 1071
768 474
631 975
730 24
1841 495
525 415
1520 302
1455 1664
1047 30
1398 1291
1074 1744
175 1194
1035 1618
1151 719
804 375
1593 1884
1485 1843
1187 119
61 279
1228 782
138 1644
66 382
15 764
1398 1423
1362 1712
1261 1799
677 1538
1800 1005
670 1001
1265 1405
1014 843
1337 1639
662 1604
1347 585
1868 357
1630 1960
1010 587
1710 389
99 1053
1681 1416
68 1390
1815 1025
555 590
869 122
569 1472
765 540
1516 1443
103 1561
22 1712
81 856
237 1768
178 1240
348 613
621 565
1745 1403
1988 357
273 1993
1813 65
1554 1488
659 1878
1750 1058
39 1068
1255 1104
1240 973
759 1979
1550 1552
1880 673
1492 391
711 1466
1885 1532
492 1753
652 12
1137 1877
483 1354
236 1987
1006 1857
1050 422
1664 1895
1721 934
670 335
1986 501
1549 1541
1982 267
773 1944
913 330
1440 1190
267 188
197 1175
964 443
868 1372
76 914
462 968
1370 1242
457 1634
1814 634
245 411
447 101
1030 1478
1042 52
732 1595
644 787
1144 1634
1095 1420
1989 151
1734 624
272 868
338 1227
1222 210
457 1880
1279 1951
1349 1835
716 1002
1833 929
575 1825
1963 1031
834 1276
1253 1985
1731 11
1015 419
1832 1214
593 1592
1401 652
1735 663
854 1349
346 952
591 1249
1054 438
794 1225
947 1759
568 45
1526 955
411 569
314 533
1193 952
1918 1305
254 1318
1882 117
921 1293
1576 417
1131 1401
1039 1814
1402 412
1099 455
538 1069
1833 1443
175 23
220 1933
735 1161
1314 1101
695 307
531 732
703 1907
1934 1228
706 1001
193 1979
982 550
1451 476
1565 1857
300 815
1109 1990
422 925
1728 746
713 1324
312 1387
1817 513
580 1296
80 1436
1492 118
1042 1814
167 1321
1850 1632
525 777
298 825
195 1229
1116 1853
1736 752
482 1548
1185 1681
1616 1432
561 92
1175 557
297 1545
1510 530
1103 376
1071 679
1835 222
277 1021
1861 1228
1617 1926
250 619
1785 1359
1258 1410
811 664
179 471
319 724
819 1980
836 904
414 8
157 1060
807 1384
101 415
775 1752
447 644
1385 1645
1597 1572
378 1063
1862 768
933 509
1993 1264
429 1512
1395 371
1754 871
600 313
529 416
2 1879
885 961
1396 114
1100 829
1454 112
613 1319
994 457
621 201
139 1072
1830 967
1640 1854
1371 1095
1238 670
1041 1762
1671 1667
1623 1516
1671 99
615 1495
1311 418
338 673
1298 1643
88 937
844 839
1128 1059
203 1045
882 1045
582 589
75 321
1210 1885
767 1205
879 711
1332 1905
373 1101
1745 625
1090 229
659 4
341 1102
1760 1725
147 1245
1739 1203
1721 631
1904 857
825 1168
1547 571
91 29
248 922
525 1096
1789 944
1077 106
682 1600
1654 1116
1869 1060
927 522
532 447
617 580
1523 281
602 639
482 592
227 473
208 303
1528 689
56 437
207 1659
1980 1526
1906 1202
1485 668
338 1833
1753 183
978 1407
231 1976
1822 593
823 1616
855 1046
1282 939
1341 517
1 1948
1508 1485
1505 833
1857 960
464 1252
417 810
49 367
1248 726
1880 1930
1782 1637
339 1954
396 1094
459 722
675 1035
1816 960
808 344
666 1927
1781 139
278 1198
541 218
1242 1443
365 100
147 1557
724 1731
368 767
1260 1839
368 816
1784 1699
1903 348
1779 475
841 1090
1502 296
239 429
1712 1875
1913 192
459 445
1044 982
1229 1182
1719 1620
192 1035
1603 1843
230 1007
1481 866
1348 1861
157 436
1872 593
1868 591
1932 1436
1633 1316
377 1656
1866 1971
272 1932
500 876
429 1578
110 1972
703 1103
869 1405
804 150
1149 1966
291 347
1859 782
182 925
830 1673
385 1509
1385 34
1127 1410
621 150
1526 608
944 1976
1567 278
791 1873
1377 202
1844 1711
406 1981
395 1852
1960 1951
1515 1591
1025 1872
1900 1438
821 109
1436 1390
1944 1390
111 1514
1902 1480
108 1359
562 65
1359 1985
1 355
530 919
1894 506
285 415
1466 1121
1689 1665
492 138
1575 1956
636 1961
1799 1756
794 1382
579 1068
1014 902
248 262
1289 113
1349 1242
1558 1966
513 1260
1257 448
977 1721
1608 382
1394 446
1998 701
435 2000
1779 756
68 1791
585 1980
1262 434
1000 238
306 489
218 1017
739 926
503 1600
1268 1979
1174 1200
489 86
1431 301
793 440
1769 1039
820 1266
35 1226
1067 1252
1872 1855
1592 18
488 150
1591 873
888 787
1930 1182
478 1957
290 1016
1902 948
252 1895
358 990
1325 45
1385 181
289 407
1719 176
367 1540
865 1101
1965 583
447 1213
125 634
11 1330
1140 874
174 1856
1659 196
406 1572
1712 1111
1888 1022
1947 1373
239 1917
795 206
589 1473
1617 1561
683 1306
1293 803
1048 1346
435 1533
1905 212
1726 751
1412 481
1748 1671
191 1909
1126 1969
1592 1222
594 1121
899 1476
1976 1841
394 1312
872 847
1404 1052
127 724
13 645
726 1453
919 1374
330 1092
1943 1904
1536 53
419 1297
504 640
1959 400
1561 1694
599 582
888 1908
978 1295
318 43
1116 1195
263 328
1557 1960
1134 1883
862 1582
1851 91
79 544
855 1306
333 133
970 957
960 24
1179 581
985 86
567 62
1214 1379
1061 771
71 206
1203 1211
780 1371
446 1013
1047 1508
1812 1782
427 192
1837 280
1072 374
1502 1537
1774 1213
710 904
661 575
1401 574
821 748
3 43
1731 1442
1762 1744
1034 1955
1712 257
1611 562
1656 1299
599 1725
1367 1124
1897 1860
384 257
470 1021
695 508
363 477
1705 416
1646 19
1806 1730
1401 1169
20 9
841 1627
1701 919
122 171
869 1686
1965 661
256 927
1749 649
394 404
1732 964
1852 475
1554 1848
54 769
89 813
1881 918
1391 1219
68 643
1143 327
481 797
1396 1872
1555 1331
1311 350
1404 1629
409 1600
102 2000
1214 438
1049 1065
1538 1338
1705 110
1267 22
1460 754
818 390
1735 418
1230 515
1658 1211
1732 444
1021 1699
326 1919
1895 289
1274 1631
1174 1770
296 597
126 731
1607 1178
313 1250
1069 713
870 515
1598 1436
375 1256
395 485
458 1534
309 1546
1745 57
827 1039
422 746
868 1834
1855 582
1396 1344
619 519
234 588
1844 1527
1528 373
516 867
351 991
1955 657
1048 1401
1217 1704
584 1753
384 499
641 217
1214 1906
599 737
386 361
807 202
911 1750
665 279
1056 1647
1854 832
503 1075
1662 672
133 754
554 1246
428 1749
395 1903
575 1520
1459 543
141 1065
612 827
1308 1830
1749 1292
872 511
1049 1462
1940 737
1416 1193
1774 1070
1300 545
346 1246
1338 1803
1778 1341
644 325
252 1110
903 841
1306 1288
674 437
902 1278
1450 213
344 1434
1359 1743
1991 285
1237 1677
1291 1141
1022 223
729 1338
548 1307
1986 1544
1271 156
1566 82
851 498
1179 525
1518 1136
1820 1316
412 615
1848 821
658 796
1556 754
1425 1993
1524 1889
203 223
1044 725
1957 214
1835 1003
245 372
1922 1777
1553 608
1038 875
1387 1832
1083 2000
1046 1136
432 1456
925 1782
1464 1117
1126 1336
1077 687
1645 19
1701 212
797 1889
1784 680
952 982
8 883
1833 1053
90 1359
14 442
1575 693
614 1220
849 1626
1226 953
301 10
497 942
443 841
611 448
834 16
802 511
292 40
401 1448
1900 1255
1553 917
1268 714
1742 1040
1356 209
1851 304
1360 280
141 1295
1974 355
332 393
1511 1358
76 853
345 553
46 226
1029 1147
1253 576
58 369
510 46
1 1614
836 342
917 1086
126 1202
350 266
789 1905
1358 996
302 492
1258 944
1657 607
263 1040
398 1411
226 1172
1661 946
676 1717
509 1063
1916 1319
1283 1266
1794 1433
974 321
1020 21
1579 361
211 369
1600 1133
359 1798
1972 1034
1416 1888
218 1057
1354 298
117 1126
285 970
1755 688
1422 211
422 1128
1459 1071
701 1457
1426 1216
1464 266
638 569
1899 1079
307 1934
1910 897
1358 1354
943 1114
836 1631
1818 861
742 1859
117 1222
1170 1011
351 951
1476 1182
22 1488
1793 908
75 1728
181 541
1500 1593
1365 1455
577 1198
183 762
1410 1978
1614 1116
1254 728
325 1221
1664 1846
528 731
675 1068
1952 806
1115 421
1482 1669
678 136
1888 1037
1241 154
1001 1244
79 1733
690 1611
454 54
389 228
567 867
136 1959
682 1764
1151 1474
1386 1447
1442 38
1465 828
1911 1668
1987 675
265 137
1660 1700
503 1560
1349 1743
581 1296
1807 1714
853 1035
851 1828
1187 141
1273 310
815 643
934 1855
954 1415
547 137
908 1306
1378 266
1659 362
466 395
83 52
111 1763
805 1270
1113 1565
509 654
1306 1932
1669 1470
1420 1004
592 1731
1698 1876
892 1165
1103 128
1407 52
1558 465
1440 1052
50 1489
1008 1198
601 23
1437 1044
1340 572
1992 1145
55 230
903 915
1792 386
209 692
1993 1797
763 1826
1008 1936
172 242
1941 102
1878 911
1674 1203
281 1725
772 941
752 1523
1137 1184
1601 526
616 1649
1894 1865
1781 1509
511 427
291 528
301 990
609 1536
1519 960
523 324
979 375
976 789
265 1113
1598 1475
297 415
1589 515
1449 1161
196 597
496 1899
122 1340
1534 1086
743 328
1054 1637
711 1677
1106 1362
1492 890
103 1490
1646 1627
1483 773
94 277
1795 1682
858 1683
1966 368
440 554
1364 218
1897 1620
112 1280
797 420
1684 339
878 1143
924 1788
816 1055
83 392
1786 374
1159 654
303 236
1836 262
950 720
1462 361
1598 394
1061 691
1489 1666
754 192
1264 468
124 1337
145 456
1682 785
896 102
799 1051
317 557
719 411
471 1778
835 450
1364 1542
248 896
452 948
1979 229
528 577
822 1830
483 1651
278 1936
1074 1913
1670 1368
143 795
24 1492
468 821
1561 1171
50 137
1830 464
370 575
