2000 2 2000
1731 898
1733 1322
595 432
770 665
142 1977
1663 1458
483 293
128 314
820 1884
186 534
1287 502
1409 468
491 1046
1290 118
355 108
1969 1478
1455 1660
999 785
832 1488
606 875
124 990
1445 79
1110 247
800 1687
64 1449
425 1540
1965 973
63 207
485 1211
1573 846
1838 1610
274 684
706 1978
1783 1701
1541 1317
1962 1345
1667 1970
700 816
991 1514
1997 534
1460 1858
631 798
702 38
1541 155
488 275
1411 312
619 108
1998 1915
549 1677
1145 1109
1855 836
1304 1253
1637 64
19 1853
1911 409
472 381
1355 1119
299 414
700 45
359 1754
1734 514
126 613
1044 414
1765 408
1184 1409
838 122
984 1742
1850 1431
739 1394
786 1533
210 798
1692 1887
1001 1891
735 1753
1460 1912
1385 1796
80 1072
1262 614
886 1025
1900 717
619 608
1531 1526
1087 972
734 858
630 1858
903 1961
1980 212
193 1843
40 244
668 1094
383 1621
658 428
994 517
394 1449
125 359
1380 738
1247 934
1938 1616
1359 60
441 660
1635 307
1824 451
1336 1496
1443 987
820 233
1773 1484
738 1533
175 307
1026 141
1882 470
1578 1319
371 407
1088 560
109 1157
1386 615
1330 1617
65 1178
1319 1418
1429 1397
1583 1393
1097 1727
98 464
490 160
1635 1087
1411 632
1921 1383
501 1611
667 1360
293 711
1300 1359
216 226
171 1715
166 727
1110 311
1694 1176
1356 1081
778 975
957 1389
1343 425
122 1292
1524 1497
451 201
145 283
726 1180
1294 1462
1981 1734
639 896
32 916
1457 1910
46 725
1195 766
1639 1109
1396 1822
999 1065
1826 821
1098 1377
624 322
327 185
1597 1702
619 643
1536 703
1654 400
455 1789
271 127
1753 1392
850 646
1978 363
959 434
44 950
1321 1308
1326 1212
917 153
346 393
762 493
143 577
243 961
53 1631
1533 464
820 1583
1229 679
1127 213
1548 860
1302 1298
1969 1923
646 1895
1681 730
263 1451
1914 1661
1821 949
505 1965
174 915
574 411
521 499
1981 1478
151 1273
843 1452
1335 837
888 337
564 1295
443 264
790 497
563 1145
1810 1187
1896 200
1542 715
1144 415
191 787
901 387
432 1462
1925 682
110 1619
579 1711
1550 374
476 823
1528 66
694 1773
76 108
1356 1924
1554 1426
354 1564
750 1891
1362 1276
186 960
1275 1369
1148 1812
1229 789
717 1713
63 846
720 980
666 1880
620 1042
1474 1223
653 839
993 1706
1657 1126
335 1660
617 1235
407 675
1562 1390
1020 105
607 1859
1347 520
1299 1618
655 1438
1446 336
1295 1120
362 1888
748 1120
1187 550
1420 1110
569 1669
1678 727
1352 897
910 520
1385 1502
176 1065
1135 1895
657 1198
1623 651
1633 763
144 560
367 1782
1528 1578
1088 1590
1093 1411
652 1565
1793 886
1440 116
1011 103
389 303
1803 1415
1479 518
592 1069
1859 1864
1173 292
952 225
1621 695
519 686
516 1553
798 439
644 1922
1613 1408
302 1800
115 1163
1246 1827
1474 751
1745 109
1445 1637
787 1018
1000 1991
657 801
1328 1995
591 1635
1929 1650
585 308
487 1998
373 67
1133 350
4 1027
615 476
259 521
1875 1817
1917 136
1378 817
1321 1791
124 133
5 567
254 1347
1413 1615
1766 1954
80 1320
672 1029
1941 85
799 356
1103 1433
1872 1274
1671 620
1338 909
1814 114
1299 1213
860 688
481 163
1558 713
707 32
442 199
1889 124
876 1994
1542 263
1923 862
1282 1575
1236 1274
1821 679
1626 187
1436 1706
42 408
237 748
1754 956
495 1111
470 1208
425 1598
1614 1182
1065 1097
2000 784
1814 1962
557 1741
1035 1045
1454 187
1837 882
74 1120
1538 855
268 606
600 305
969 209
1995 1133
628 1101
1135 792
285 142
983 954
1646 1823
1954 1436
146 1188
1292 114
832 1829
797 560
670 242
292 1596
1600 1095
1502 656
414 407
1719 102
1934 1655
1304 1149
1647 1578
1121 1693
1992 977
622 1181
377 1431
1568 371
1778 1229
30 1930
544 538
1928 1673
1339 1128
1105 167
1424 395
1228 934
1323 456
1612 537
886 1420
1841 1346
252 1516
1067 413
287 983
433 599
557 1827
1814 318
1626 586
319 1850
637 1529
1742 498
929 1490
744 1009
1685 966
179 1399
473 1588
690 546
1075 379
1718 1924
390 1447
1974 1005
970 1844
20 1755
724 716
1817 544
547 214
837 739
1051 612
322 1710
347 528
1284 779
718 269
180 408
1527 1275
272 805
1029 144
223 613
648 1295
1489 1541
1536 608
1519 1218
793 1717
644 124
1259 1054
755 869
302 1909
541 1730
1888 737
524 466
1702 1109
1518 1170
989 768
883 125
434 1791
660 1473
497 1964
585 1221
1769 861
262 1259
824 1691
883 413
1764 766
1855 1504
1883 873
1674 327
1288 1839
1478 719
267 1317
336 743
569 1467
1866 1873
1653 678
1270 422
785 1022
1883 1250
1516 1947
112 239
618 412
611 719
1790 995
1168 117
819 73
903 1115
1683 75
1579 949
451 1704
1428 903
187 1185
503 1965
47 667
980 177
1105 1727
59 1520
1893 1452
364 1719
1821 482
1636 926
478 724
510 536
1317 1874
423 1635
1695 1978
1410 1738
1059 1885
1010 1331
617 902
667 552
475 287
1546 301
1572 206
309 437
1706 1611
1432 1378
1663 203
1260 52
807 424
32 1461
148 969
1945 944
1898 720
303 1366
739 598
113 540
1842 863
590 646
371 1722
880 105
1224 790
1641 1425
1995 88
1238 1615
407 1652
325 227
1560 27
1204 1227
1566 950
978 1163
1192 1324
1819 421
44 1757
1325 1728
459 1414
51 742
1072 1709
583 57
1311 1722
1688 1651
261 1177
951 334
605 566
378 1155
160 431
123 766
1797 1276
1045 202
648 402
1562 1270
1723 950
1566 735
107 227
413 426
1875 1847
1085 1399
61 1467
646 1740
816 34
1320 1090
1538 984
79 1729
1292 371
1232 759
18 1820
1280 1495
1707 819
1318 561
1234 959
1113 1796
495 398
1756 689
602 59
1934 1352
1204 1473
472 1775
1431 684
259 1551
1315 984
591 565
647 1611
1643 1414
1838 1673
903 1874
854 1607
1106 188
1473 726
1957 1573
384 1666
575 1610
150 859
1938 1166
1147 1695
1768 1439
1504 1152
1157 1382
256 981
1068 1072
487 1337
481 326
137 952
1654 1850
571 92
1744 662
208 1875
1084 361
1768 259
968 589
954 844
308 1974
770 643
1692 714
893 1496
1708 445
385 158
973 312
350 201
871 1809
1607 221
530 1017
753 656
441 1142
982 793
618 470
1134 1445
855 1856
343 1241
1118 966
1560 1590
649 1094
1634 1154
199 1267
1574 1689
94 1651
1382 1103
962 617
711 1163
664 211
1195 1637
1170 382
418 1288
1077 1148
1523 1547
46 1635
1407 164
521 517
1157 25
484 1921
1129 863
1537 285
375 397
1294 731
1530 458
1818 1407
272 1789
1963 302
48 1141
1282 764
852 1459
574 1024
888 1406
474 1757
1761 803
711 1457
1181 881
1943 1170
1282 266
905 234
1643 1431
144 1285
555 595
1120 1693
1819 1314
998 830
1905 399
1239 1115
1036 752
757 655
1725 413
1707 1302
76 73
1469 1010
212 339
1924 872
209 710
492 722
1669 1596
193 1719
253 1325
421 1608
1753 531
1612 84
1074 1012
1206 742
1583 21
1718 656
711 1667
1396 1673
1287 1818
399 7
556 1292
22 85
1967 1403
1308 812
1283 201
1940 898
557 948
499 1026
1707 1131
304 1975
1954 1361
24 1331
348 1062
170 1032
1131 1422
1779 1143
1268 609
821 790
632 66
1083 1897
905 1413
1723 1643
370 1997
1778 273
734 1911
33 1379
895 1745
947 1759
1723 396
1907 1012
1428 355
723 1614
1897 1255
281 336
557 1330
1137 747
1393 1410
687 475
1880 1531
1425 919
368 1162
962 286
543 1991
756 1854
1837 1604
731 1416
1213 1770
1461 1216
1310 1189
1090 968
1800 651
1440 570
437 822
503 399
111 448
1211 440
733 138
35 574
971 497
1887 1508
349 1962
1797 1237
1035 220
1179 1327
1517 1898
1543 1448
13 1340
1387 611
564 1971
809 1261
96 1510
870 1266
1768 1121
593 1639
1773 1285
468 739
822 1296
766 114
296 528
1902 1596
711 1963
1174 371
1332 1713
1826 135
1360 727
847 665
966 381
1533 1434
1355 1819
1061 1510
1827 593
1935 639
877 1232
675 1666
1168 1031
1320 199
1775 1295
1902 1995
654 1905
229 54
997 847
419 627
1332 1855
1457 1529
161 391
423 596
1871 246
264 1459
1523 1484
255 1453
1197 611
435 837
666 34
1039 1053
769 1857
890 1882
775 1415
39 1475
1095 14
1170 424
734 1787
1439 1343
1036 1044
1172 1561
11 1144
477 1485
320 1683
1030 20
690 92
548 1332
1294 1950
1485 853
372 1708
1713 631
90 1415
668 1593
646 108
983 1282
303 1515
133 159
1157 1142
1468 261
1942 1016
1140 1949
520 1729
61 1441
1118 1802
1700 1242
1768 501
869 379
1066 1972
143 603
720 911
690 1219
1559 1349
135 977
530 1826
493 1678
1755 1497
1343 848
919 208
473 977
222 1007
861 1970
1915 799
359 31
948 27
490 950
22 954
878 1336
1056 30
1260 634
881 133
721 705
22 860
762 1337
412 348
1623 342
458 1871
1822 1850
274 1458
1540 1113
1191 863
724 204
1743 434
585 1828
486 476
88 403
1490 274
1357 359
1110 1558
86 991
597 22
1351 1453
1678 349
436 1640
1169 1851
603 736
423 46
1995 898
253 176
936 701
176 122
592 916
1407 364
1207 1898
581 1295
1214 1183
1442 372
1818 460
789 693
1628 1070
1981 65
913 200
141 1511
386 1595
1651 617
1653 1828
545 329
496 1909
1876 1503
1201 218
1721 786
861 1901
254 428
990 1017
424 293
686 1551
374 1951
424 1125
978 1641
272 243
1693 1555
5 1971
1747 712
1270 1089
873 30
1771 178
931 56
1048 349
1077 1910
1319 1216
1604 1812
1295 1812
924 915
420 424
889 1152
812 1243
1484 1910
949 236
483 1744
590 1566
1481 1360
571 619
1505 118
1335 1135
1027 430
1799 1716
1421 588
1635 104
694 358
1224 1198
105 929
1477 597
1567 1939
1119 870
783 286
1184 1391
132 1514
112 1569
1378 1543
1850 1244
480 1285
300 1443
77 432
14 1916
1734 55
36 1322
773 235
1480 75
707 1316
1576 497
1451 860
592 592
65 588
1350 1083
418 520
938 1045
875 458
663 1011
130 1975
1735 1681
37 862
457 1460
585 294
1562 1876
1068 1204
56 1900
289 1507
1953 1605
560 709
1924 706
611 1190
1442 1146
1481 901
100 1050
710 807
317 1397
1625 359
520 1882
1177 519
1345 1282
816 1001
1976 561
363 974
258 119
1500 1139
866 167
1374 226
1601 569
949 232
1619 1861
846 1988
1459 814
289 564
1306 846
1888 1432
1337 529
1357 295
1336 147
1656 1431
738 1310
999 1140
693 99
858 460
583 86
232 303
1692 1555
262 1789
112 1139
72 1615
662 1438
1406 1048
378 1670
412 1848
671 673
711 1285
339 505
1297 760
1585 257
1724 996
257 531
704 531
387 1705
1880 557
1941 1171
1408 1443
31 771
1304 1429
1285 12
1863 1969
478 6
286 1419
52 1035
842 1836
1757 1396
1106 1589
642 246
851 301
1330 1040
1626 164
782 392
648 222
1884 1343
921 264
1756 1138
355 340
5 1246
1210 1212
811 714
257 447
1126 558
214 196
914 1152
1220 992
1707 1351
1570 617
1073 539
1419 222
660 740
1889 1167
1128 565
1065 179
1719 1184
352 256
544 265
503 482
505 638
749 1706
938 1621
1348 1459
556 144
519 676
1597 1884
507 1
479 148
850 1906
1044 86
1040 785
181 60
1159 645
232 1183
1707 1181
812 1350
1047 1831
1397 753
561 461
1260 1509
1266 223
184 1895
1590 585
659 1948
926 224
1829 735
670 510
1475 1557
917 1423
1367 850
494 1870
1670 791
1836 466
1403 1660
1428 1381
117 1944
1010 900
720 1425
1996 349
694 1872
102 473
865 471
739 882
1343 359
585 780
397 1298
468 1671
474 1760
1534 1106
827 1242
1211 1053
188 863
279 1867
468 378
98 644
1877 124
247 1517
1177 666
788 1335
264 1408
1606 1525
220 1902
525 1859
641 782
961 519
105 1293
834 666
1134 1634
582 192
272 1510
1196 1462
1187 97
1440 819
516 324
1411 11
449 451
854 1868
77 973
1302 267
578 1766
1852 1452
1150 850
319 260
1391 1640
387 1825
1773 883
1614 951
475 846
1328 100
307 1602
688 529
341 1123
1091 908
564 141
363 575
1678 573
1192 1943
1452 256
865 328
1565 1347
1857 596
1547 400
268 1081
271 431
1853 844
1866 762
299 563
1053 455
1126 744
608 571
1348 1007
331 1464
1614 1782
628 1130
450 1732
1677 1631
1208 1004
855 904
1808 1
1026 469
1401 488
700 198
61 46
1909 829
1870 44
1709 493
1855 1630
1270 1749
271 1885
200 373
685 1728
1626 511
1653 543
317 941
630 1848
1978 1190
8 1125
262 236
1594 558
832 994
262 326
50 1208
513 1164
1367 1627
702 1570
114 1190
1378 1410
1112 1495
73 104
1801 795
1653 1479
374 1994
271 671
1631 825
1652 525
421 859
1767 403
1427 543
1560 953
1316 1681
977 673
769 779
828 641
1705 185
73 1359
953 546
1271 400
881 856
346 1022
1813 1671
990 192
1079 490
931 1089
1146 1119
1631 1190
1985 305
953 1360
1272 1935
395 1994
452 65
1985 1896
1865 1746
439 1897
1001 998
847 80
1677 1073
328 86
777 626
129 705
153 1095
1471 1194
1021 1742
1946 298
1277 1612
1670 1691
591 575
98 734
52 1927
709 1800
1615 487
1442 1616
484 511
1325 1549
1768 755
1127 1294
1927 1916
1733 1057
909 651
1485 797
451 1072
801 1239
385 1726
1728 1053
1419 1091
683 1361
1606 393
785 935
1329 156
1905 239
270 1415
1501 1198
686 623
536 1008
1242 1965
1579 1550
1817 1755
917 1817
1492 401
1718 58
1018 1698
1651 987
640 1580
1831 216
132 1807
1312 194
1067 121
762 859
734 1019
1319 1451
1337 1132
1011 1667
1467 1211
1251 69
1877 610
1789 310
746 369
1185 1986
1800 415
700 375
1004 766
1061 499
69 570
1960 1567
1087 632
1223 698
415 51
1841 1657
386 408
372 733
1507 947
1598 476
141 584
1880 1279
1699 1648
1057 984
787 1210
56 1061
677 1650
316 605
1585 648
600 851
1877 463
1944 1369
634 1444
1155 89
1194 1379
802 1659
1662 61
964 1383
1948 281
459 1326
1144 804
1025 78
1712 227
923 693
1721 109
1660 1590
788 1819
371 892
596 662
1571 972
1397 780
1883 784
1982 937
409 1323
1012 915
1653 456
77 64
1357 377
262 591
1459 478
100 1748
1684 815
426 1247
284 1962
1464 522
91 1790
201 40
260 490
893 431
1111 840
1606 1181
883 153
1732 449
1573 443
313 1079
560 1835
188 931
59 1266
452 356
723 1390
1333 959
1322 362
12 1080
1211 358
1211 1503
1951 617
868 1975
1324 842
891 1387
559 1194
293 82
176 1001
1816 1985
1221 132
1840 1692
216 1551
1727 1300
287 1040
1396 754
950 1416
443 1756
848 690
1172 37
1742 1496
396 51
66 1713
1175 475
1911 1232
955 509
1118 823
251 1426
880 107
1268 811
1900 1491
1267 84
1284 1212
1323 199
1315 918
767 699
804 485
536 1447
1957 312
1615 289
608 896
409 127
1456 1214
1637 9
1461 1878
446 1689
1919 986
639 834
852 550
184 1569
339 1022
397 1857
761 1395
1698 1122
439 1202
1622 1035
97 1585
641 1375
1822 1402
1985 1355
1039 70
1866 769
1749 1562
1700 1092
1863 30
356 468
428 737
1815 1535
245 348
1696 437
1769 64
615 1430
963 791
1890 1419
669 188
749 1632
20 1238
1 939
1726 167
1708 1458
1089 235
1490 323
983 1721
832 1023
1902 576
814 1549
1015 1335
766 1358
1937 815
1312 321
1823 190
600 1607
158 370
1667 83
359 1044
818 793
1868 946
145 84
1123 187
1934 130
1809 1535
901 248
1092 1828
153 485
583 644
326 686
747 301
986 1562
935 773
312 1616
336 1891
809 1514
292 454
1578 218
1284 1443
654 574
1032 720
1086 311
199 965
1584 628
1740 1526
674 21
1618 572
1853 640
1632 1612
1285 1228
1983 396
117 1612
551 476
437 837
1591 1776
1643 1656
1841 549
499 826
1961 1604
161 1799
1736 180
1579 1143
1486 514
1428 402
1608 1085
1537 1058
1351 1777
780 620
1526 975
590 1172
1223 576
1332 1150
1171 1280
1660 1296
209 219
65 242
887 288
264 248
1265 232
1815 458
1937 1345
1473 1026
1873 483
1048 435
96 901
532 322
1648 393
312 1964
1430 1218
640 596
231 88
360 994
702 1956
125 1203
986 1927
1834 1159
943 1841
975 423
498 794
646 854
1643 1447
191 1524
1440 322
752 262
14 501
1057 1465
1162 1510
1610 1698
513 128
1533 1821
613 101
1426 1012
1170 296
1057 888
1 1905
1326 768
1360 1633
456 830
533 986
1622 455
1885 1264
1855 498
1275 1468
990 1737
1072 490
92 1949
616 1455
1826 1216
490 1446
55 1460
486 1345
6 264
411 1051
1626 930
270 1223
807 1630
1989 958
426 751
854 947
107 1168
928 396
354 1356
1886 1791
234 439
995 1117
1735 1661
641 225
1907 1712
168 1697
177 344
1432 938
672 1329
1029 574
1146 1683
1922 947
330 1693
1370 1061
502 1713
38 1863
1662 1307
1029 43
759 688
1469 1317
1446 1795
729 351
1379 1642
1278 1165
1661 1020
1904 693
1279 735
612 774
277 964
1399 1600
1717 1650
788 1156
1049 213
76 1426
1118 1001
243 1782
1713 1967
1948 1209
632 268
504 646
1476 692
154 488
1280 1560
1812 816
331 1442
1553 795
1249 137
392 551
1727 1948
1972 1953
1773 550
143 460
957 874
1656 407
1513 1160
1587 118
225 237
1722 488
1763 961
1451 130
1869 1967
683 119
858 1875
1491 1297
62 1829
1917 1048
1521 82
1879 272
1841 1440
1847 1828
1396 1595
1870 9
526 460
602 495
1151 996
457 1988
353 437
910 416
1224 1119
1142 1341
1392 1513
1166 206
810 1903
1886 470
877 803
812 359
246 835
782 683
1793 1420
1471 1053
541 375
1823 574
1159 644
652 1804
887 1004
1858 1979
1054 1819
436 1269
988 1669
1738 582
1483 1040
744 1234
279 639
212 362
1664 708
1876 1287
760 1416
1363 1635
1311 786
1069 55
1398 1550
448 1017
1202 668
345 734
1450 1539
585 103
475 1306
1704 550
1210 821
1350 697
1488 1283
1723 1495
310 197
981 979
1318 1606
897 1017
1511 1197
1385 961
1985 199
718 568
1763 1954
853 574
889 365
1944 490
1834 1559
1651 1166
1645 600
215 458
223 112
1799 427
1194 1867
34 1464
1781 1817
1763 120
1417 1211
1635 811
34 1652
1378 50
599 1835
1815 1867
1630 753
874 1413
1034 1985
955 615
802 1454
1897 164
1870 204
651 408
1165 1133
924 134
1954 1729
1754 796
429 1487
1794 907
692 800
435 1179
276 1649
1775 1942
1474 1805
95 1495
488 1632
1963 783
1809 1919
1893 608
1949 1008
1396 1799
1015 1236
1277 569
1781 1826
457 966
1502 1391
22 222
1157 666
1599 828
1277 1161
1406 471
646 546
1033 1609
1616 1715
1660 1709
1387 1277
845 168
871 1927
1904 853
1743 54
1271 1965
695 1874
1344 1165
1907 1048
1461 1980
1644 830
697 1608
711 484
1092 907
366 1527
1848 1360
1785 1363
924 628
1671 1710
480 1763
1812 690
710 690
609 168
724 688
375 1063
1588 1384
752 101
223 1070
1145 1159
488 1014
139 606
527 219
318 495
578 454
1486 689
883 707
372 966
218 213
1163 141
1378 763
1050 1341
1718 1499
1540 1850
1895 1642
1010 1752
1607 1298
630 996
149 1957
61 1172
655 185
411 1800
1796 836
1405 332
711 259
1736 1643
1049 526
1117 1402
1102 98
1313 445
387 1492
777 1665
1662 1438
700 135
827 1949
897 708
1044 866
150 1901
84 1302
100 1824
469 1875
971 837
800 1015
1841 6
74 1636
1059 306
1874 1811
22 1633
1684 1393
1614 980
1822 691
323 1618
483 1605
48 165
431 16
851 341
1485 393
707 1571
891 922
96 1402
442 1515
1122 1879
347 466
1091 188
807 332
926 113
537 1439
392 1482
1297 998
908 540
1451 294
533 243
1715 280
888 48
888 1391
254 1938
1312 177
1758 1357
239 365
953 1127
973 1042
1537 1300
1927 399
282 271
590 912
1121 1223
250 897
1712 911
1778 414
1723 1999
1136 193
1177 866
1744 554
554 635
532 1333
1698 1376
380 168
1630 1521
1110 474
1321 1464
342 1918
958 1009
1065 280
209 483
688 220
1492 1492
1344 1190
1153 1031
1382 1126
14 1542
1139 785
1651 870
92 919
792 1884
590 1629
4 1317
1204 1118
1085 1859
140 1591
1746 1480
1057 1898
1104 1107
228 501
989 140
813 188
55 1775
1168 1065
1576 710
1343 1521
1751 359
1736 1114
1155 1595
1830 152
969 1002
325 73
546 392
722 1975
1744 4
1877 1954
232 414
273 811
1233 295
1164 1856
867 1186
